135.57992855364756
305.6833338687792
102.66522091514365
210.59067880328723
337.5863867352688
108.48637011625165
269.0645848070746
126.12057514104183
106.17626963691778
203.62052176561576
144.9797288827549
121.60172903945617
289.77808716461647
438.0623866371137
277.5008171811177
429.55927638386305
158.52019881649466
319.57767044283776
687.6154442088599
168.4814177407921
63.75034425596945
50.682728741819005
436.99023716509106
174.14955011755336
414.74110505890116
238.39791473645204
89.43222829229181
22.532882953464863
30.378987040988875
169.902750124278
178.09564204587804
830.8362697337107
53.18777285010013
364.8968054347664
84.30834608183943
272.17425846534434
219.7470671859707
330.25939367220184
84.33759571242099
412.1890432820901
332.1896967644439
312.797816815863
266.2274460469784
295.3884754698574
548.1060482914345
141.91449734948134
555.6288999238964
399.8537498974849
202.62133484454603
138.38446909735745
248.4612103233373
555.6288999238964
533.3070062782508
58.80131359202356
311.358243627653
177.0267055539984
308.83045659410766
131.36839158392797
175.70968508729533
555.6288999238964
460.3105778112975
259.5144215610747
134.06015237575963
279.07466764280514
139.43798181793153
153.49442327465147
408.7825533592494
210.81612047330358
221.50048494073553
354.3011581224823
359.34543610336397
468.8063930544578
327.77494228071174
591.9999489666909
239.33493903995242
321.53196724244833
506.66719701453104
465.35284031183073
408.99967295576124
315.01731266994227
411.52671075215704
240.65871974895936
287.27174208296486
533.3070062782508
49.08751108616481
157.3200935119351
407.9327472588278
261.2358343141708
252.9204415206567
222.37991618005006
388.3020812349388
154.4420342356949
358.972539897451
555.6288999238964
418.1393717239524
555.6288999238964
512.1569126010511
524.4532220667872
89.66462029930227
118.55790943128044
524.4532220667872
111.882475085914
409.6834900976621
557.0346022432632
75.13996984614936
202.70862553240627
328.1154201293612
568.9982596156111
252.40432720586801
482.8904731753025
276.97400022983373
319.87081800780715
100.40764347013636
183.25816159914558
300.1042412125639
331.9543876566406
121.54765707010725
138.80017178829598
183.4508714249166
281.2809556973896
340.3139851699825
180.09142131822244
168.0795741778005
228.7826494454174
73.74726179494482
319.7932011550917
423.2660740187945
757.0363068605856
524.4532220667872
241.51024466642383
81.69545391194941
359.944066426602
524.4532220667872
411.6089790466006
472.0156256214381
283.38863634649573
611.8134463504176
478.1551468731531
58.233639539435984
231.88762491634554
34.78321328530562
111.41562741671545
232.13940830018603
165.22146187984754
548.1060482914345
337.90836169737486
422.5629393552973
361.48554432208334
124.279434713403
108.33754715784197
428.2307516337123
39.23927039700426
137.83740738207217
479.4538150500147
465.0697815815309
168.92288042444954
256.00625406700834
428.9496220809324
400.31072319492375
450.0085566914013
307.6903578337031
71.6488105620219
325.6477729475935
373.5809804521071
170.29266857021742
415.7217425059474
447.19711405684143
88.51655983727564
305.1623506491814
478.1551468731531
835.5444828261163
400.7519676456588
524.4532220667872
361.47681479795176
507.26564389724786
548.1060482914345
507.26564389724786
895.7635045180314
301.6372096794694
269.5107109333825
482.8904731753025
482.8904731753025
109.67362656368313
507.26564389724786
134.26275972779484
344.7432855492562
61.129760998781876
238.05071847869806
362.2825355081218
89.28229217642539
214.50360611039622
79.22377959075621
167.8988385938834
423.4527597784733
139.87990324722466
351.25889665154557
145.62378193932352
28.669025433014156
409.6834900976621
426.64736033584234
307.6903578337031
61.753420444575255
211.77967552921973
347.4219420411158
342.0701106083226
555.6288999238964
328.2930140965119
297.84038399603503
472.3662600265286
336.3574058502298
381.85861188230416
447.2904970626801
478.1551468731531
548.1060482914345
521.8035768447243
507.26564389724786
89.59387994583581
160.55815868277855
106.92950546265537
427.65249427499896
579.1265189906687
196.59179318567212
53.374068963124955
208.97984486458273
347.0056050341341
210.90995500600036
87.91972730654918
257.6339497298079
140.72377305344617
444.04095215185686
405.3429528908269
324.80720320904123
169.4936225071117
482.45748936724675
466.47478437096146
182.52239450099688
412.03645338957676
149.55853707860865
8.003621022299484
512.8206896310195
351.30456593326716
100.62698283456886
524.4532220667872
46.363126813940355
482.8904731753025
507.5079858536484
8919.98364247254
397.98631501207706
61.753420444575255
235.78647266292722
423.85402591688614
457.3473932865976
280.8441589810457
82.1193279075086
114.61212778440783
471.1007028030839
482.8904731753025
350.1799754549603
316.36862015019045
54.85701788288746
27.004330031288518
79.56590543404427
524.4532220667872
469.6583258616919
220.60252198383114
56.826181842268554
111.67989883529464
183.33720237898035
468.63125171047153
411.9890599612567
498.50238203684637
270.9056242431598
140.90780235465775
399.8537498974849
539.6964267427551
79.6185211110238
239.58564960299094
533.3070062782508
478.1551468731531
218.94619717608504
208.64155315829913
465.21099098682953
198.9518465972905
303.0568618765971
313.8247431384971
199.8064387423633
298.20141338692247
294.19648128670076
129.600693013684
44.40527734810547
387.33706404141657
283.8900294844903
626.5822054768595
379.2421972222233
114.95887104940131
351.5019674523035
129.7053101838177
85.06878546100482
408.1886805583903
260.7230061607971
144.23171924449764
98.70043701716087
371.5444450031249
331.39064489923294
478.1551468731531
212.46886613065016
440.51049532171925
314.85462886348404
468.63125171047153
400.7519676456588
228.86196555701434
461.76192891412177
393.16713085887216
31.938867553050585
29.373101890358797
340.5075692407201
102.75826845918327
569.5836724773311
137.89271393705138
259.49490295216464
350.58689703628227
174.5172965681383
576.6165199821703
384.0883138892229
482.8904731753025
247.93438995391398
322.86974473468786
141.53510601553756
196.7435537682561
614.6690911267225
258.2936173132978
308.06564261954964
555.6288999238964
48.70912987658683
118.22131166384692
75.25585280430268
268.69469180029006
174.07821355504478
378.5816816491901
165.82744330866709
393.16713085887216
521.7081362144987
371.715534497289
240.93621263512443
346.4390221830737
77.54902591198642
478.09657410058537
51.643475261292195
548.1060482914345
133.95728104999444
306.9503706559917
66.57957201181738
360.74265798527284
253.300800102141
92.1188213131636
294.83175692031375
482.8904731753025
467.7308089932027
193.68592485872256
548.1060482914345
686.1781393680624
46.40662077541826
250.68092674393495
356.6417463187719
375.0705472969785
426.3374988446231
361.8119250823428
304.48976331453827
191.6304886774692
265.70274857853343
265.83439650419956
471.1007028030839
415.34554208281685
294.20432534837283
450.4892770409055
316.8586036380283
595.3562012447467
355.0958077457351
758.6887422344446
152.2537066586426
179.8564604717671
414.2023973032793
408.1886805583903
308.40737368832623
224.23398192211084
510.4996753809037
541.1441193792587
73.96971625074924
391.6888771696613
606.9016884349091
328.9853685231267
315.7530304821167
49.251970426387075
215.25101148733663
242.96200321986407
406.8248350645588
23.429490696056064
481.47148480464136
93.96306916559853
283.65387881176144
104.95211094030567
312.21278198587174
30.06997482226754
555.6288999238964
395.78405535944637
190.0214799150436
75.9412644518234
173.96682176310566
278.32658524672104
224.89353175804797
245.9249164581559
115.99579183204646
83.99155815535927
710.5990064922128
117.4081723500333
426.3824174433803
15.191812676154498
312.7262225527848
271.8969146004246
145.21065425129717
478.1551468731531
411.6089790466006
436.0453468797297
60.07756059093737
483.82783955785607
180.75768991138168
345.1215070293529
52.02801476059578
375.2023490700265
548.1060482914345
472.8486439636842
555.6288999238964
353.54640040732056
445.10028523441184
555.6288999238964
484.3637426814394
351.3423467792046
321.44032221461936
507.26564389724786
779.325001055981
167.28969725016043
538.2799995553313
428.2307516337123
178.05328632711917
207.391120796729
68.78374141822583
368.4367604466002
495.8951044508156
480.512689561744
399.41111977251296
525.5360253486687
555.6288999238964
303.59294632415316
306.4681966374913
107.75853953899971
377.93020556909676
384.46794490250574
412.90260869044533
148.61875722587394
1084.8649943406535
334.0043366642059
75.4943245297974
66.77230550582979
226.70162909670756
233.36624333166873
466.6188281671224
531.5682966633393
256.99176508378974
330.67100808189724
277.3243912950164
257.3303795142856
504.24583729859853
237.79717818473716
135.51772564460703
123.88088782421245
383.70172903851744
463.0114008957762
456.0390302610592
321.1248960913866
617.2640463800124
166.7705520305908
558.0701409851879
387.33706404141657
478.1551468731531
201.6492016372593
361.1566144428878
548.1060482914345
404.5314670638222
346.36184242241757
242.28341831624184
387.33706404141657
376.3152736614281
192.85956001710412
100.77350018621651
482.8904731753025
294.83838344333657
17.757856560856695
134.9060285841545
321.6056394466227
533.3070062782508
326.9937760974525
482.8904731753025
378.8780496230255
256.6496307952806
191.03573899580078
130.06071697108356
207.16510176583512
161.05406976276822
290.5659980316738
516.515031159079
729.8241361006286
35.68606308388776
478.1551468731531
417.062324063264
222.9115092183182
409.6834900976621
344.96481867504895
232.64550547637
217.47340233446857
478.1551468731531
415.34554208281685
43.100957525469326
478.1551468731531
123.0198062808095
62.935426304331585
134.8901944116783
198.16856312382316
274.44028007851097
66.15945910829119
703.5429689337453
369.0893640907504
473.7599263276699
463.0114008957762
107.31676907292409
522.5793073938322
548.1060482914345
391.49532565145637
567.1079566987956
105.15109813974316
156.12080333086328
317.0333418429069
352.3987849486609
336.1062001583574
309.22754223544206
608.3928127513425
230.2147239513526
158.4253983624772
434.3998339641276
192.65421322802945
286.90058955515286
265.4726553292272
314.73331287503396
144.98093263024998
117.46470026755549
49.78701555681607
483.49173201753723
324.78120466700716
402.99877024707047
501.6564829309409
590.671556447856
171.26768887948515
645.4007667513141
366.54045367674456
507.26564389724786
231.66299775877357
463.0114008957762
541.1441193792587
533.3070062782508
507.26564389724786
378.5816816491901
459.2101171031657
286.14013351079745
332.3886138166799
412.03645338957676
328.1154201293612
92.04339739448746
115.66179942871763
411.9539288440875
265.7261595575713
188.81591044065033
649.7024054752321
478.1551468731531
468.7729567486945
462.89937517275615
215.66382528135782
471.68422819820665
286.14013351079745
154.54907769492655
490.4601456394152
64.26741815491712
346.21745689598146
169.53287222175078
174.4540197397518
134.19199297589267
405.2098096838516
281.10878083777095
249.64140826107553
477.62764312787954
65.09671856853815
237.08347789728805
252.17602542337434
482.8904731753025
411.6089790466006
127.02811272377478
411.6089790466006
342.3956846075425
149.580580351793
368.28184031495346
256.94072222866663
74.36636436697125
152.1120507250006
507.26564389724786
343.58684772732846
465.0697815815309
482.8904731753025
36.43184201700119
155.73116335071296
65.93880388719562
148.5863271818224
72.50582017590428
150.6910548090122
114.7111591617573
136.54806276311712
333.014244599278
348.17655610442034
555.6288999238964
349.8285780183116
21.810200814726045
314.9589362624773
54.58360320047372
507.26564389724786
194.37866821612135
282.209654961312
513.4009991369917
555.6288999238964
484.31728416488914
230.49460776514547
260.39515877808316
435.6305250676136
257.5565952237642
399.8537498974849
375.6443213665945
231.52707830385754
614.6650753077347
169.42777749692507
55.38235986618119
466.6188281671224
533.3070062782508
129.11752493991096
23.32495088254032
220.32228877154998
145.8698970208025
548.1060482914345
147.00010511150475
445.00587868654776
205.06043514785824
524.4532220667872
259.59432987372935
652.0297708925955
98.93080514697876
35.92111632305932
345.87520565413354
267.271654663787
222.59031124367624
364.7099153898867
509.1360712287587
388.6376588206338
417.78663404939
482.8904731753025
533.3390710975832
170.58478908433392
116.79485988384762
205.77816419788695
524.4532220667872
533.3070062782508
256.22603289723384
130.71184069076992
397.98631501207706
183.57029675589675
548.1060482914345
302.5523325919854
119.34715468879571
465.0697815815309
404.04071129507054
223.1077106349585
326.50810702097453
294.2357997149119
312.49147361213744
339.9329489120883
199.20135906938728
311.18161777353714
236.42121446746575
28.00241891992883
325.6477729475935
326.75885571897504
23.349095034930272
127.96447867113697
378.57384918272356
68.63831101719406
411.6089790466006
555.6288999238964
689.1594461833288
300.4620904010273
454.2286759326772
568.3193340958345
392.1283948439319
355.8479427840702
317.05737584701257
75.09294365154277
217.72622769819634
555.6288999238964
60.6120507097954
166.40642975117893
294.1735772887838
116.7004191664763
152.4848381701911
487.02337482313277
472.8836269822162
397.98631501207706
361.48554432208334
366.407402052345
647.7371214423649
642.445361020118
414.2023973032793
392.84546849861835
772.1016072617208
283.54017657693646
173.24751388039948
106.9385145334422
317.7433554174784
386.7163247789861
86.2388331129469
442.1799018803145
428.2307516337123
317.4434764722893
225.29273096637058
378.8780496230255
287.57596705497184
305.68872979942853
103.65322698077279
502.82005793790654
414.2023973032793
258.07811705258007
533.3070062782508
14.7770642765241
41.26767977111261
112.47715495995284
548.1060482914345
69.09317564518152
199.8064387423633
251.4869836510763
399.737601286581
331.40797225199583
405.77349298811305
555.6288999238964
697.8798727447769
466.6188281671224
214.31755159350817
94.1626885748024
59.59287423686857
214.31755159350817
340.84286360460595
112.934985140449
279.5915241895909
338.24745574129804
362.2717813711587
524.4532220667872
164.9298185435582
114.35461178302103
262.6215168342387
231.28366742065845
348.24134229360646
213.34817067232274
358.2138256317211
269.99371068428985
436.390138792537
555.6288999238964
146.56714898798663
131.3506382812635
366.77727278463703
92.42945210299715
528.1730057482961
297.4519592395485
463.0114008957762
478.1551468731531
229.64473169502173
75.98831457162453
274.0048095491094
240.70834534462765
106.60404245612044
393.16713085887216
210.65648092591138
477.62764312787954
201.2740984961473
384.0816218154013
303.0380088144271
48.712743602148365
330.5948361368794
176.3202196270617
173.5847934235794
147.7642326642794
286.1554124096729
233.66226869162227
338.24745574129804
92.87770025618103
254.98981683096625
108.86983291793375
102.46754599221966
165.87090090001016
482.77554292191434
313.98100932994265
461.76192891412177
155.91792430718326
159.58621057403337
509.97362512914424
478.1551468731531
662.6566688254961
597.5584692479302
172.38403104290455
329.8240512448482
205.22435411900665
297.2409865807043
147.49438750496694
94.03175955757332
119.09518823096084
570.9304147608478
608.1444210286302
233.99706333998375
89.86025640468031
265.8775914020478
256.77771992604096
301.6648210498314
362.2825355081218
295.10223630107646
299.4979905479523
161.53630826161367
376.51424071162893
265.3624645162344
391.7083922927089
536.773006246507
533.3070062782508
60.540064622360276
86.80434489598566
298.21581960797363
30.168199546194543
428.2307516337123
449.8189853696531
507.26564389724786
209.30726080258083
191.00113416645547
426.3374988446231
26.54431505989676
466.6188281671224
418.5950938308414
236.03920963247555
430.8681411334072
350.4227025022561
400.7519676456588
133.53648140916852
190.05546009428173
529.7325546564236
288.23608416070465
332.63027415636816
478.1551468731531
124.8184023123874
101.64749483452249
136.76842291574138
109.22069343896307
511.0458726953645
394.88073569461994
439.681189796101
548.1060482914345
555.6288999238964
229.50513561564782
86.91146250437811
494.7952509602964
348.06940839607216
154.43690843810356
44.28172443813169
582.8070692518902
209.93021078919097
352.78179582586193
495.0207998780013
135.76260367846112
279.64233115944427
387.33706404141657
315.8732263251161
109.09580781246213
388.6376588206338
28.979234500547705
120.94703104685343
247.75853149053455
232.97785636450038
285.9197109034701
325.62584709849443
480.512689561744
364.5444166197542
269.6123234719204
205.74200701430613
178.85651128105064
34.5524110062798
390.7754798648858
346.3473067674971
129.46750737006698
482.8904731753025
120.83136391208348
226.60037501674776
272.80106258204677
364.5444166197542
103.57961777168838
46.72868570162724
70.63526641559093
478.1551468731531
37.78559064983864
108.51138292739181
480.512689561744
482.8904731753025
524.4532220667872
12.575221033770845
162.6125313310087
148.2952679117057
364.5444166197542
319.7932011550917
74.73218230191624
114.96789884473726
99.4825156951853
234.4630913030351
412.03645338957676
395.07721760191214
54.26707267058114
608.7296977483836
317.7114873393498
478.1551468731531
470.69187320495934
304.497869872622
524.4532220667872
276.5121259294616
44.900814617954566
553.1295176154913
245.67245866672056
387.33706404141657
73.58007247447394
346.3473067674971
494.9976988920417
238.4867734650191
548.1060482914345
413.46378073247655
533.3070062782508
144.96222859585384
293.56129270747533
533.3070062782508
412.03645338957676
391.49532565145637
294.84514684601965
118.44238138170284
48.75205976769972
294.8964107287221
364.5444166197542
159.70342905286026
83.27392485187407
261.65280957698235
392.74592073837573
539.2091272935141
151.58753519126105
131.39095284474791
175.9041987418815
461.76192891412177
22.85109728743558
494.7952509602964
352.78179582586193
451.4225686778993
132.17738938211153
140.3154716249707
346.3473067674971
555.6288999238964
259.93063611294247
524.4532220667872
497.2902810710617
544.2181079003068
34.11429463345905
355.8479427840702
197.1544469351992
121.05085206714521
482.8904731753025
64.61949241576554
378.5816816491901
537.5068376431276
403.56745901456264
524.3453683904991
319.7932011550917
127.8126520282018
462.70526692935255
102.99174126736305
533.3070062782508
283.50174201533696
82.22623295389715
274.9791768722003
150.3489279508229
443.8006521986286
251.39054630983327
