1344
1320
1276
1230
1224
1224
1200
1274
1222
1300
1344
1268
1170
1155
1161
1124
1065
1300
1231
1318
1346
1207
1203
1222
1197
1140
1300
1301
1300
1157
1203
1218
1085
1246
1156
1204
1272
1196
1322
1112
1059
1127
1154
1194
1275
1154
1177
1204
1300
1301
1138
1198
1242
1276
1085
1181
1136
1342
1198
1128
1294
1180
1144
1161
1273
1230
1179
1300
1276
1198
1274
1346
1134
1230
1120
1128
1322
1252
1226
1242
1273
1220
1245
1153
1246
1120
1300
1346
1250
1177
1198
1020
1274
1300
1342
1301
1231
1300
1134
1132
1294
1294
1276
1346
1266
1344
1274
1292
1172
1300
1150
1218
1222
1246
1200
1107
1176
1179
1009
1272
1010
1160
1342
1224
1111
1207
1177
1203
1301
1250
1346
1160
1318
1112
1182
1128
1316
1196
1108
1199
1153
1120
1182
1109
1290
1268
1300
1316
1181
1152
1105
1176
1300
1109
1133
1196
1205
1294
1344
1133
1220
1177
1244
1207
1154
1072
1199
1066
1177
1252
1301
1202
1154
1275
1268
1201
1230
1114
1194
1109
1149
1342
1198
1002
1244
1248
1225
1090
1200
1253
1154
1346
1058
1207
1231
1175
1270
1266
1246
1301
1136
1104
1101
1206
1063
1134
1231
1268
1122
1301
1300
1300
1201
1300
1252
1105
1320
1220
1300
1228
1244
1162
1346
1318
1246
1276
1204
1300
1264
1132
1096
1224
1203
1145
1301
1294
1344
1100
1196
1272
1320
1134
1052
1141
1147
1129
1205
1130
1207
1180
1300
1104
1060
1197
1137
1206
1201
1316
1118
1206
1151
1199
1108
1316
1136
1177
1112
1175
1134
1344
1242
1300
1134
1224
1203
1178
1294
1139
1301
1171
1286
1144
1134
1153
1138
1098
1244
1135
1294
1250
1301
1156
1127
1300
1143
1274
1270
1085
1216
1198
1128
1144
1300
1346
1207
1294
1060
1246
1203
1060
1344
1292
1106
1314
1160
1276
1151
1300
1276
1231
1300
1270
1300
1342
1103
1344
1318
1111
1105
1300
1128
1128
1135
1177
1277
1180
1272
1346
1272
1294
1102
1198
1342
1248
1204
1128
1110
1300
1273
1274
1152
1276
1170
1122
1248
1342
1155
1179
1146
1320
1301
1275
1204
1316
1148
1230
1207
1251
1205
1276
1344
1148
1276
1166
1140
1010
1272
1224
1182
1108
1180
1276
1274
1156
1294
1301
1346
1161
1294
1314
1200
1149
1216
1300
1301
1176
1178
1300
1220
1155
1050
1153
1145
1224
1144
1300
1192
1190
1277
1218
1078
1161
1132
1202
1130
1135
1294
1045
1266
1197
1166
1294
1150
1300
1056
1058
1137
1201
1202
1300
1301
1057
1014
1248
1274
1342
1300
1300
1179
1314
1120
1300
1300
1222
1164
1246
1294
1229
1145
1206
1288
1318
1200
1342
1148
1268
1300
1300
1231
1053
1047
1288
1344
1224
1342
1130
1220
1344
1206
1216
1342
1275
1294
1170
1270
1130
1342
1136
1154
1276
1218
1272
1268
1207
1292
1273
1276
1320
1078
1194
1014
1294
1162
1148
1344
1153
1181
1098
1129
1346
1231
1342
1270
1220
1180
1346
1151
1171
1078
1272
1156
1017
1138
1058
1224
1301
1342
1153
1154
1266
1230
1276
1102
1234
1300
1231
1224
1160
1068
1270
1300
1230
1300
1196
1182
1318
1155
1107
1300
1192
1242
1192
1224
1273
1301
1178
1160
1288
1342
1104
1203
1201
1276
1204
1156
1301
1130
1143
1275
1344
1090
1230
1246
1092
1300
1172
1277
1124
1300
1127
1220
1172
1204
1300
1301
1301
1132
1224
1202
1153
1342
1230
1174
1300
1154
1342
1342
1227
1218
1128
1344
1268
1248
1301
1276
1247
1250
1179
1294
1160
1216
1276
1230
1218
1129
1108
1225
1247
1137
1344
1346
1161
1225
1144
1180
1148
1207
1301
1277
1068
1266
1342
1106
1151
1186
1155
1344
1203
1342
1205
1344
1139
1155
1150
1342
1052
1151
1301
1344
1273
1206
1174
1161
1230
1056
1126
1202
1222
1277
1216
1277
1127
1098
1242
1174
1150
1344
1344
1224
1204
1294
1104
1100
1230
1208
1266
1294
1212
1301
1276
1322
1205
1274
1344
1294
1300
1344
1156
1161
1296
1200
1222
1320
1273
1238
1060
1179
1300
1216
1062
1201
1192
1155
1206
1196
1300
1100
1288
1294
1160
1129
1294
1322
1181
1173
1300
1133
1298
1224
1274
1300
1240
1168
1100
1300
1134
1224
1052
1202
1058
1164
1266
1342
1316
1155
1176
1342
1057
1300
1132
1292
1225
1250
1154
1294
1136
1346
1196
1300
1134
1131
1154
1110
1201
1250
1344
1270
1294
1164
1101
1146
1146
1246
1274
1173
1318
1063
1052
1294
1053
1057
1204
1056
1146
1198
1190
1342
1172
1316
1294
1272
1290
1318
1300
1225
1200
1248
1196
1207
1272
1249
1224
1111
1231
1320
1155
1102
1203
1274
1203
1160
1346
1300
1174
1294
1246
1300
1223
1344
1196
1300
1320
1214
1274
1172
1160
1134
1188
1100
1155
1245
1098
1203
1316
1232
1318
1181
1178
1294
1021
1200
1216
1154
1151
1099
1153
1276
1016
1155
1272
1290
1223
1134
1346
1346
1296
1342
1192
1275
1154
1224
1152
1342
1048
1294
1175
1226
1105
1094
1148
1155
1206
1172
1248
1105
1344
1014
1316
1104
1240
1068
1277
1344
1316
1320
1146
1121
1300
1270
1292
1091
1300
1300
1342
1204
1346
1242
1155
1344
1108
1253
1277
1084
1176
1138
1062
1236
1250
1218
1276
1316
1316
1224
1224
1294
1342
1346
1294
1342
1320
1156
1248
1300
1141
1262
1272
1102
1154
1136
1224
1142
1290
1301
1104
1126
1085
1155
1294
1268
1177
1113
1056
1300
1231
1272
1184
1092
1196
1108
1107
1131
1145
1111
1137
1250
1196
1252
1230
1136
1132
1176
1188
1268
1294
1266
1094
1131
1220
1022
1342
1300
1314
1154
1199
1136
1156
1230
1249
1126
1161
1316
1175
1301
1181
1294
1250
1292
1106
1276
1148
1300
1253
1090
1122
1316
1346
1346
1224
1250
1103
1135
1318
1155
1200
1160
1218
1200
1249
1145
1220
1214
1344
1109
1246
1103
1154
1150
1301
1300
1272
1206
1318
1300
1190
1200
1300
1178
1346
1300
1218
1173
1224
1129
1148
1294
1301
1169
1202
1300
1300
1222
1180
1203
1342
1342
1272
1346
1346
1059
1134
1342
1225
1300
1274
1085
1224
1170
1102
1316
1131
1138
1300
1197
1038
1344
1300
1205
1201
1198
1248
1153
1210
1224
1318
1172
1247
1102
1160
1292
1129
1176
1049
1127
1252
1249
1207
1266
1346
1294
1110
1197
1206
1272
1200
1179
1301
1276
1344
1179
1107
1127
1122
1320
1300
1218
1136
1277
1092
1052
1133
1120
1290
1138
1277
1105
1268
1300
1150
1300
1102
1342
1201
1300
1244
1252
1346
1149
1060
1122
1153
1274
1108
1205
1272
1273
1342
1274
1128
1301
1112
1294
1294
1135
1344
1290
1344
1150
1066
1300
1135
1161
1156
1206
1198
1181
1108
1240
1128
1244
1091
1170
1109
1066
1318
1169
1178
1318
1248
1104
1268
1121
1144
1204
1054
1225
1101
1123
1294
1103
1300
1148
1342
1105
1273
1136
1276
1346
1199
1224
1168
1300
1179
1277
1220
1015
1292
1300
1196
1164
1294
1129
1206
1240
1218
1272
1202
1346
1272
1316
1276
1151
1300
1169
1301
1318
1301
1316
1180
1346
1274
1105
1300
1204
1137
1199
1218
1057
1059
1230
1344
1206
1203
1181
1300
1346
1199
1151
1166
1274
1275
1272
1207
1301
1320
1300
1058
1300
1301
1230
1300
1148
1248
1342
1294
1300
1201
1161
1080
1250
1346
1301
1244
1129
1101
1200
1214
1300
1225
1276
1155
1204
1301
1105
1318
1171
1150
1091
1108
1274
1100
1301
1275
1136
1274
1206
1344
1246
1107
1301
1204
1218
1183
1202
1231
1059
1225
1200
1174
1140
1194
1113
1301
1120
1100
1294
1248
1109
1224
1301
1272
1231
1197
1201
1276
1268
1156
1197
1218
1207
1194
1224
1294
1205
1153
1346
1218
1196
1199
1148
1224
1274
1148
1270
1111
1179
1342
1276
1103
1177
1207
1224
1104
1138
1196
1266
1342
1272
1318
1300
1225
1058
1276
1134
1206
1128
1272
1162
1206
1150
1344
1092
1272
1204
1169
1272
1272
1318
1113
1086
1099
1122
1274
1224
1168
1202
1200
1162
1172
1200
1245
1251
1231
1272
1300
1272
1230
1342
1206
1300
1275
1205
1251
1250
1220
1318
1202
1300
1179
1055
1015
1344
1346
1151
1178
1344
1294
1318
1150
1152
1109
1203
1055
1225
1346
1148
1300
1145
1277
1272
1346
1301
1320
1173
1206
1249
1274
1272
1176
1198
1154
1085
1223
1244
1161
1270
1202
1161
1198
1300
1104
1003
1300
1268
1155
1300
1126
1112
1316
1153
1155
1061
1154
1109
1111
1140
1154
1144
1066
1156
1270
1249
1230
1346
1134
1224
1015
1112
1226
1294
1101
1130
1177
1274
1342
1344
1316
1200
1300
1346
1273
1238
1277
1064
1300
1206
1161
1250
1320
1206
1224
1009
1248
1200
1342
1110
1266
1160
1301
1196
1316
1320
1320
1316
1180
1268
1103
1301
1301
1249
1230
1300
1225
1346
1268
1225
1194
1174
1274
1300
1316
1344
1294
1224
1250
1301
1222
1238
1156
1142
1188
1063
1204
1183
1224
1176
1128
1300
1078
1110
1154
1300
1191
1155
1294
1223
1110
1198
1274
1149
1128
1222
1346
1068
1258
1342
1131
1300
1176
1126
1162
1300
1134
1161
1148
1154
1085
1200
1266
1316
1160
1180
1085
1342
1251
1247
1344
1131
1224
1127
1230
1172
1277
1230
1286
1230
1342
1157
1199
1274
1129
1231
1222
1171
1161
1176
1168
1205
1197
1172
1276
1202
1135
1181
1155
1277
1150
1253
1300
1061
1240
1292
1318
1294
1149
1105
1131
1270
1198
1175
1272
1196
1300
1172
1274
1148
1130
1231
1173
1151
1246
1207
1176
1227
1277
1275
1079
1268
1273
1065
1208
1273
1172
1268
1170
1300
1270
1160
1218
1342
1149
1300
1205
1301
1102
1105
1137
1231
1058
1172
1108
1246
1346
1230
1149
1276
1121
1174
1136
1232
1224
1059
1250
1204
1346
1248
1150
1294
1300
1268
1153
1344
1294
1176
1138
1175
1137
1152
1009
1342
1204
1110
1105
1202
1224
1136
1107
1242
1217
1222
1120
1202
1153
1344
1270
1272
1240
1060
1151
1226
1135
1290
1301
1316
1194
1342
1208
1085
1344
1277
1231
1288
1218
1342
1161
1268
1204
1174
1301
1300
1131
1097
1123
1097
1201
1101
1205
1344
1300
1300
1131
1342
1300
1107
1224
1277
1203
1175
1055
1154
1344
1010
1152
1253
1009
1222
1318
1015
1222
1110
1170
1175
1203
1296
1207
1056
1300
1218
1198
1250
1124
1276
1320
1231
1231
1203
1244
1344
1181
1270
1272
1244
1300
1226
1112
1240
1172
1218
1206
1225
1107
1137
1346
1149
1221
1160
1154
1162
1116
1274
1294
1344
1277
1300
1301
1248
1198
1301
1250
1342
1085
1218
1136
1298
1300
1270
1246
1301
1060
1344
1273
1132
1274
1152
1301
1344
1059
1008
1122
1096
1179
1222
1275
1175
1231
1192
1202
1342
1204
1155
1131
1162
1301
1153
1276
1151
1174
1044
1205
1170
1344
1146
1199
1023
1190
1107
1344
1300
1093
1272
1238
1344
1128
1180
1175
1155
1178
1346
1131
1277
1198
1266
1290
1294
1346
1276
1183
1104
1163
1212
1224
1198
1300
1104
1148
1154
1054
1225
1138
1301
1154
1230
1246
1192
1346
1318
1244
1108
1272
1320
1246
1172
1274
1196
1058
1207
1225
1111
1058
1218
1172
1250
1160
1050
1316
1131
1065
1231
1105
1231
1218
1181
1148
1342
1153
1346
1301
1230
1154
1224
1106
1294
1300
1175
1300
1318
1250
1314
1275
1300
1205
1346
1270
1196
1224
1225
1110
1318
1186
1346
1085
1112
1124
1170
1272
1200
1300
1294
1179
1342
1086
1206
1180
1100
1318
1226
1246
1222
1320
1218
1292
1192
1136
1100
1268
1268
1023
1202
1316
1240
1266
1270
1149
1062
1202
1170
1194
1346
1300
1301
1133
1230
1096
1202
1060
1101
1292
1146
1231
1290
1096
1231
1230
1168
1058
1230
1225
1194
1224
1316
1136
1008
1314
1342
1190
1231
1230
1294
1230
1294
