630.5577448572739
641.1349514823496
636.6287939753025
636.6705070787356
626.0614660072374
694.4838962784678
657.0273339011078
662.7161305644657
650.3570404046034
742.3010460016185
650.297145638655
752.0261909059177
641.2097553737012
645.3608882891558
646.3824017803477
633.3184333186521
637.9964401409388
631.7307813683213
768.1979010037227
658.7972371150491
720.597050081053
806.4730278408064
719.5458672489759
649.1986401027131
649.2663164077135
633.736925972381
643.519566029585
635.3422262718763
754.1145398991421
647.429225238112
639.2914032495615
674.5771647607726
630.5661288194501
790.642353814688
862.7444734833474
798.2242417011742
829.6934603189529
776.8936728774959
688.0521757195876
694.2669983291802
637.7968660742904
665.0550954481404
886.4692240860835
651.7401228831872
639.3837830261687
710.2795938053708
821.7536842056024
735.780880599101
678.1828164432922
822.1445889998806
639.907984898739
713.6298617098665
1015.4754084083809
1000.3282432576821
826.3505737666402
1033.97852214865
1025.8066266978692
883.1725673107196
669.2521308062506
1103.003894932552
763.0666133331681
723.5737134220263
1120.689532608149
864.2758315069816
657.8063275814937
865.852119836554
885.1153688571096
768.8105625385531
1025.009499078603
1076.6560104302564
1061.2489908532912
659.1309339721421
1081.2147866159605
647.8013171117541
657.119340964761
699.9288047010307
1041.1262464395443
933.7866276911143
932.9003833098926
768.8105625385531
1086.146988004132
1123.5358903409447
789.8420913829566
1066.9566886875732
824.3946334212549
975.2916542820502
1121.590212536303
688.8591405726459
1114.0536792313342
941.4739083837915
909.0837674367037
650.8708609542225
635.5213779879282
752.9249844672494
746.9929209345337
704.9206757906483
1082.5907908696681
1093.8763657758668
1077.3663076477978
855.2886411104416
735.8304425005647
753.4707434580425
949.483567229008
888.5921683113228
694.9068907493864
746.1661444799945
657.717995461432
778.0351993294603
669.4268163625196
930.1706467048181
636.9003244138405
992.201142176333
750.2764677309525
650.8995102564115
694.9068907493864
825.5685600494286
658.4791939845649
722.3347320973459
724.1109156308657
636.9003244138405
921.0022814713689
976.331203969937
1119.957777628579
911.9133225988941
1029.2310353100006
943.1367844667545
694.9068907493864
802.8632433117526
647.0683630251295
650.8995102564115
1040.2952418355019
662.6312404912488
657.0328747447368
1083.5059638295309
946.8378754083055
927.6717501499943
911.4430935651426
1039.1055503810078
646.9987908672714
1090.8640318348228
692.1992852412513
720.1390297670446
768.8105625385531
957.0886948367719
955.9006226432268
1084.3037073981418
1075.5522206252276
1073.6204972241335
779.6441442389821
650.8995102564115
978.3990200974447
654.0262033871754
694.9068907493864
636.9003244138405
642.6664690307048
1107.8237524118294
1057.5056472156082
852.5560896077881
908.682109130566
653.3708212018399
892.7261208262088
826.34837016184
657.717995461432
684.5713783886772
1094.5575925046057
898.8700121178056
1065.5601143804615
1083.3826408566742
1044.9845700130518
1122.828715104603
771.2097234306909
688.5265444125417
761.1482484291342
800.9385669911128
1009.4838695726078
978.1552497450436
949.4972776667227
886.0780092163883
995.3223521040127
636.9003244138405
650.8995102564115
1029.8193624560554
785.0159568625218
1037.5694495236705
762.0711323356979
1019.657876327384
694.9068907493864
721.1665556497727
998.0700032664403
1116.6911940329794
913.1837423667264
1042.7761207896838
1004.2352186282948
1040.8436070795221
949.167556285515
643.6597354845197
919.9964542610596
1085.3884367661872
1076.1740641013112
685.0617557980673
659.1721033802143
1032.4195968200283
679.3475834563458
1001.9743096474906
643.6371140790354
660.025879303559
694.9068907493864
944.5111339116295
636.9003244138405
940.5931302758174
1045.738148462967
650.8995102564115
697.1492730362905
949.167556285515
1006.8273617597483
694.9068907493864
969.0100606229726
636.9003244138405
650.8995102564115
698.5712003399618
1036.700053686169
971.0986977136793
768.8105625385531
1079.4067648385387
964.4671135039956
1084.8020976545415
1076.6259195555115
1069.5368871842015
728.7256742238616
659.0199779143259
1032.4254915226047
970.3553259665651
1005.7509132254949
840.94258297374
721.1665556497727
1041.1102647776067
1009.0605045501242
636.9003244138405
700.807388442319
650.8995102564115
694.9068907493864
983.274707598843
1030.9302235627727
636.9003244138405
650.8995102564115
1025.387311485894
992.4498596216558
1065.9812281778848
650.2554783346684
802.7208766136587
937.007223551095
881.9199377993232
1040.7723283751259
1059.7523051685002
1041.067932687075
694.9068907493864
1003.3241285869786
717.0949085854686
999.3529180963992
1113.384803950221
749.6624483069755
981.1313116038837
737.3313087823569
882.3277377934356
846.7528996517003
1108.2932662221394
636.9003244138405
1018.9445570529388
1005.8022959162593
643.6371140790354
684.9511856754358
701.9875050449214
878.1698522179746
1057.2987833802758
1028.5227754574628
1004.3312988612336
1060.9508431550375
713.9592093667148
643.6371140790354
1050.6256893801244
1016.2376527153701
754.0234262122868
1042.5996557057156
967.6726542431011
989.3111318647641
1000.035074903364
1023.0901067933149
739.3334493042682
999.6528734006592
1060.7013341377992
717.7858132977763
694.9068907493864
650.8995102564115
995.5637788718716
636.9003244138405
650.8995102564115
694.9068907493864
718.5015805354384
996.4811153503649
993.1385402145199
1012.5565892960718
694.9068907493864
636.9003244138405
995.6891885631569
650.8995102564115
987.2281812327303
1008.5416903997684
643.6371140790354
1127.0212351477746
1079.2118791812736
718.5015805354384
858.8967075360049
834.9852962987961
657.717995461432
905.0616278370438
878.8960738708379
736.971054657881
1051.0591932314385
1020.0695559771948
994.0483056748383
764.9998020718904
663.2746772320401
1043.353885098253
1016.9429484409319
1006.2160256658267
694.9068907493864
636.9003244138405
650.8995102564115
980.856565485801
718.4755424037575
1005.5021099214594
1102.225975117971
647.8606790719688
981.8339253257305
691.0904247969996
877.6813767204744
878.0905881993685
878.4170961004436
647.4373886039454
1004.7498957403172
867.7957014290491
870.5517828554639
768.8105625385531
977.5828815504526
1076.190515625015
1075.3299541817958
970.4977418994741
1073.289476602514
1067.0559948072312
994.1305661551396
859.0536427587485
923.6667595701201
1060.4570616445417
1126.521050544382
739.3334493042682
694.9068907493864
636.9003244138405
721.2486705839913
650.8995102564115
974.2422913719262
991.0469894543353
717.8768343000427
638.353029783052
643.6371140790354
764.9998020718904
1058.2690278120888
730.9222469632043
906.2527309541042
898.1569437674095
1042.802414091642
1055.1942536130139
795.3704899380245
1002.854133530712
694.9068907493864
636.9003244138405
650.8995102564115
722.7841436734877
998.5776826753357
1018.5378150029649
1021.9063711077785
968.2855564394285
643.6371140790354
1008.730350887264
739.3334493042682
992.3737242429974
981.5244355994033
768.8105625385531
1075.2647852122295
764.9998020718904
1007.3583712427685
1053.9316046439528
951.4467559940261
1066.0582630313447
1068.2768429436812
971.907222525177
1061.838402898212
768.8105625385531
1059.412357838162
982.1233057193031
1061.8504877251792
1060.5255714398218
970.9192498124202
1073.3610056959783
768.8105625385531
1052.103390125468
980.2821951443713
968.0303537852832
1073.1233810379533
1060.0667146283713
1060.6186464515756
657.717995461432
669.6504384995017
885.3504046700418
657.717995461432
893.0483160362417
921.103236084467
669.8602495995832
648.241123628884
1016.9947606810258
748.4228325862651
906.9662400596867
779.9224254253994
657.717995461432
648.241123628884
669.8602495995832
936.7236459661015
1095.0226046567254
988.4137666805799
970.2235959266513
1008.5536340672242
643.6371140790354
764.9998020718904
768.8105625385531
1070.64448708023
1045.0160131628622
963.9936700002536
1052.4115268674602
977.3425219246526
1060.473235864421
694.9068907493864
984.0330712659315
992.3124293103133
1065.9812281778848
1018.3966776140496
1040.4308111987823
636.9003244138405
650.8995102564115
723.4668053857921
1005.6866735834499
739.3334493042682
966.243589775806
1049.179580388989
1071.119095713116
995.1318558664236
910.4507898217735
694.9068907493864
729.9318585683109
650.8995102564115
636.9003244138405
961.4945527866389
995.1688056748942
637.800153181093
688.849743195051
768.8105625385531
1051.0893838913057
1070.2147098269584
923.532426311926
657.717995461432
823.5049479301987
648.241123628884
669.8602495995832
944.5945973365533
1018.5328287835189
934.9407977076157
1018.891444714081
866.0361334232332
657.717995461432
946.6477692212547
669.844986706485
648.241123628884
938.9333878617954
648.241123628884
1019.8156796910816
945.5957275637327
657.717995461432
670.2710823327991
899.1375344665407
939.5205523659083
1019.9754045838827
670.255596917809
648.241123628884
657.717995461432
928.7260207217666
943.8709761361761
657.717995461432
937.2300340961372
1020.2586265554311
670.2401191443083
941.3573958144977
648.241123628884
947.5086889795723
657.717995461432
933.0813410741414
1020.4816674894472
648.241123628884
670.4713801891438
938.2283715826079
958.9667529572366
657.717995461432
648.241123628884
967.3010476590679
927.5755304016074
670.4557980206247
1022.0536166623647
924.2046129169976
1066.335036569175
1039.9890555441123
972.9444167648344
958.7537317021254
1038.8522574215312
1057.9799877678931
1002.8140646622078
1002.2318039237915
643.6371140790354
764.9998020718904
739.3334493042682
986.1850104264417
934.4540987634749
1043.7324924903965
921.342125510317
657.717995461432
648.241123628884
670.5099277843365
931.6232102243816
970.5421800407362
925.1774014729083
979.3433654930586
636.9003244138405
694.9068907493864
729.9318585683109
974.8155879620431
650.8995102564115
957.0034222929487
994.8693362653892
694.9068907493864
636.9003244138405
968.6594486981049
650.8995102564115
729.9318585683109
994.6563585434452
924.2236708459682
952.9068257438253
730.9222469632043
898.0473934303584
1041.4206069540369
1056.5035946119258
1022.2278057130366
1060.4570616445417
1021.9407088440279
694.9068907493864
636.9003244138405
966.7526838102432
994.0694662241052
650.8995102564115
729.9318585683109
1071.1270448246903
1075.7631793563228
948.8126223549305
999.4098166211545
997.1329442684571
643.6371140790354
980.2716551488709
694.9068907493864
650.8995102564115
729.9318585683109
739.3334493042682
966.7927084467153
657.717995461432
648.241123628884
914.4513427728455
670.5099277843365
931.366829188474
764.9998020718904
1022.1028804140592
1038.5170869408958
1087.946282394291
971.1145445674458
910.3240044745265
768.8105625385531
1033.6056066817928
953.2895875492336
967.1996456256793
1050.7882554823136
1066.4748339293687
1057.3187464062244
894.2869826853228
777.9319470253095
808.5131268319104
808.5131268319104
1126.506995085352
993.6966525204009
1039.9294457746046
657.717995461432
670.5099277843365
908.8435006178358
648.241123628884
929.9477537580071
1022.2968041458405
990.7658420639773
971.5561776638356
636.9003244138405
945.3985991540507
636.9003244138405
729.9318585683109
650.8995102564115
694.9068907493864
941.90996872344
959.4253247703274
875.9769400558719
657.717995461432
648.241123628884
670.5099277843365
905.70344835131
929.8666084159115
730.9222469632043
936.1047426381068
906.240989238406
1038.457957409344
1056.3941818298792
1021.8277416288165
1080.1167990636714
1040.127664971331
993.5964340989367
764.9998020718904
636.9003244138405
694.9068907493864
729.9318585683109
650.8995102564115
993.4763285758944
973.4152325245741
1022.4396241861696
657.717995461432
972.8174930867488
998.493083671671
643.6371140790354
1039.5862931967413
940.7139355782484
739.3334493042682
974.2608904250721
1033.9642549422442
988.7700471822976
739.3334493042682
1029.793637853706
823.626216937779
768.8105625385531
1045.677509965408
961.6703261236046
1028.8799132299935
947.2527682286018
1062.3307827545016
1055.78095196746
648.241123628884
670.5099277843365
1022.0606246186594
692.395640406668
902.2935111720483
957.5911842200144
650.8995102564115
694.9068907493864
636.9003244138405
729.9318585683109
951.5490707266991
929.3774746435311
969.7125796783596
764.9998020718904
730.9222469632043
1054.727745538191
1038.4689801488844
942.6569906557795
912.0627061697032
1020.2386395228378
1073.4134257668493
945.9152258167139
1035.1727240217315
730.9222469632043
915.1419318373288
1052.6882344367157
1064.7086110424577
1019.0092152871981
946.4627620085813
1015.1241158780664
730.9222469632043
1049.0182217141214
1055.7470978068586
1030.0366071926928
915.8679044370275
730.9222469632043
945.2773489278827
1023.5462650331993
1010.7834631681633
1045.3519674728625
993.1716546537723
929.9805699680829
643.6371140790354
925.3399734283691
1071.1270448246903
1066.1459453473271
1060.4490813718155
1075.7631793563228
983.1281489139976
657.717995461432
670.5099277843365
648.241123628884
899.0820731713071
1021.8325465304366
817.1424049902575
971.4417567839753
928.87972562389
739.3334493042682
979.5302493502345
968.6849464477322
940.4824789288136
1039.9890555441123
966.9211008104304
914.263026416771
1046.517646813312
694.9068907493864
636.9003244138405
650.8995102564115
729.9318585683109
940.3351466686195
657.717995461432
670.5099277843365
894.971294591094
643.6371140790354
976.6907426579
648.241123628884
1021.662782990523
945.5177162393195
895.064461903024
778.7214399687568
768.8105625385531
1040.0553406782522
1058.0468391424652
955.5311849152954
1024.4867213256205
944.5625614924747
1049.0223968954735
928.7055535277153
648.241123628884
657.717995461432
670.5099277843365
928.7055535277153
764.9998020718904
1025.9223936978874
643.6371140790354
764.9998020718904
993.1716546537723
892.1564848767091
1021.3348154173757
1018.947330566382
964.9418223777348
657.717995461432
960.8693287842525
1126.506995085352
925.3399734283691
1126.506995085352
670.5099277843365
694.9068907493864
729.9318585683109
636.9003244138405
650.8995102564115
940.1607783396037
992.6777743190669
939.8238902999138
730.9222469632043
942.5407376966368
911.7048618626748
648.241123628884
891.1231495435188
1008.5627802198064
928.7055535277153
636.9003244138405
694.9068907493864
729.9318585683109
650.8995102564115
992.4059957295171
940.1020243729289
934.9095033676078
1018.0434849736329
768.8105625385531
1020.5584005517442
949.0924093877242
1054.2305181158683
1039.7392977364366
937.4532123720396
1047.6909269776522
739.3334493042682
970.529178033978
966.3541250097962
1014.5759745137688
657.717995461432
1009.4685863335792
648.241123628884
670.5099277843365
956.7190328434353
1046.2313063812164
650.8995102564115
729.9318585683109
694.9068907493864
636.9003244138405
992.2688251431262
891.1789528069223
969.8725687014867
768.8105625385531
1033.7734161768763
944.060594940511
1015.4715147044267
929.2433396765716
1050.3118661854753
1047.5683490932329
939.7858968999382
928.7055535277153
1071.1270448246903
739.3334493042682
643.6371140790354
963.2084236715474
764.9998020718904
965.7014384627639
930.0682652062034
1004.4890762177176
1040.8317525818786
963.2741763488095
636.9003244138405
650.8995102564115
729.9318585683109
694.9068907493864
929.3230265743996
939.8123791935895
767.3706035496763
648.241123628884
657.717995461432
670.5099277843365
891.0407500014248
928.7055535277153
955.9250322172944
992.1331598123684
768.8105625385531
1009.9660982263609
1028.0624415622035
928.5812545832491
1046.3779179698438
657.717995461432
648.241123628884
670.5099277843365
928.7055535277153
890.5786953962214
911.3633834428417
938.2697472992268
1066.1459453473271
1060.4220995969254
1075.7631793563228
1039.9890555441123
1060.4220995969254
925.3399734283691
1066.1459453473271
1075.7631793563228
1041.2467093836972
1071.1349939521238
1126.506995085352
1060.4273511974877
1071.1349939521238
925.3399734283691
1066.1459453473271
1075.7631793563228
1126.506995085352
1041.2467093836972
1060.4273511974877
1075.7631793563228
925.3399734283691
1126.506995085352
1066.1459453473271
1071.1349939521238
1041.2467093836972
1021.0737281535692
956.5401846467821
951.6157251925572
1044.89451852943
925.3399734283691
1060.4273511974877
1066.1459453473271
1126.506995085352
1075.7631793563228
1071.1349939521238
1041.2467093836972
925.3399734283691
1066.1459453473271
1060.4273511974877
1126.506995085352
1071.1349939521238
636.9003244138405
694.9068907493864
729.9318585683109
650.8995102564115
939.4354343706609
929.3230265743996
1020.9263638484408
991.9975748732136
1075.7631793563228
1041.2467093836972
694.9068907493864
729.9318585683109
636.9003244138405
650.8995102564115
991.868450887678
998.6339123842369
939.4354343706609
938.7492169711568
730.9222469632043
1011.9039086274511
1008.3764172058206
908.1679161965084
657.717995461432
648.241123628884
670.5099277843365
928.7055535277153
890.554648995961
997.3719399019475
739.3334493042682
643.6371140790354
764.9998020718904
866.6735567948696
929.3230265743996
965.5601057530052
925.3399734283691
1075.7631793563228
1066.1459453473271
1060.4273511974877
1071.1349939521238
1038.8016912017565
950.9599761934669
657.717995461432
670.5099277843365
648.241123628884
950.2784746936629
928.7055535277153
1126.506995085352
890.3350212369353
1041.2467093836972
925.3399734283691
1060.4273511974877
1066.1459453473271
1041.2467093836972
1075.7631793563228
1126.506995085352
1071.1349939521238
925.3399734283691
1060.4273511974877
1075.7631793563228
1066.1459453473271
1071.1349939521238
1126.506995085352
1041.2467093836972
925.3399734283691
1066.1459453473271
1071.1349939521238
1075.7631793563228
1060.4273511974877
1041.2467093836972
1126.506995085352
1060.4273511974877
925.3399734283691
1075.7631793563228
1066.1459453473271
1126.506995085352
1041.2467093836972
1071.1349939521238
1066.1459453473271
925.3399734283691
1071.1349939521238
1075.7631793563228
1060.4273511974877
1041.2467093836972
1126.506995085352
925.3399734283691
1066.1459453473271
1075.7631793563228
1060.4273511974877
1071.1349939521238
1126.506995085352
636.9003244138405
956.8413183925974
817.9667232009563
694.2669983291802
694.9068907493864
650.8995102564115
729.9318585683109
929.3230265743996
739.3334493042682
643.6371140790354
