630.5577448572739
641.1349514823496
636.6287939753025
636.6705070787356
626.0614660072374
699.1229693023629
657.0273339011078
662.7161305644657
650.3570404046034
739.5192327923108
752.0261909059177
650.297145638655
646.3824017803477
633.3184333186521
641.2097553737012
722.6675170516535
700.099374812248
792.9979256326394
726.9691849504592
645.3608882891558
692.93431361239
708.6608622219611
790.642353814688
702.2558070153665
673.8125060699424
663.8202805007078
829.866773226805
844.5227064402418
825.5614456360405
656.2515335164907
637.9964401409388
631.7307813683213
768.1979010037227
720.2216664126474
830.9047880396502
798.2036615872294
638.38648634505
694.4724725327476
658.7972371150491
720.597050081053
806.4730278408064
649.1986401027131
859.2178807859127
802.4562329764566
829.8986796230066
802.6392447308837
753.202391281586
677.2043156740032
649.2663164077135
645.1565982584665
877.0603923082703
714.9741941832942
643.519566029585
635.3422262718763
798.2242417011742
639.2914032495615
754.1145398991421
704.0502806076554
862.7350051901078
648.8073435252869
643.1399371273911
870.0637011620603
859.7755791580621
828.9111474416327
848.3357301833462
767.0531921644532
877.5214758819309
915.4087396165103
782.3559904427968
672.652555943304
878.7629548916312
674.5771647607726
848.7490636360822
697.3216322575305
647.429225238112
833.3855848623127
661.807451210342
659.459583380506
667.1259053533786
735.787994377384
834.4972083956261
762.8172078204635
862.7444734833474
740.5771271337208
688.0521757195876
780.5893383053092
798.6339795519739
782.0828572843652
862.9518884771605
930.5728658385549
646.3127971761949
650.9739392762518
687.6617167086708
743.6437732268456
881.2197369814493
900.8733476369364
951.0405922326922
936.8908729296079
902.2660570090409
823.2406588210749
849.838627847194
841.4504339440068
885.965927403919
783.0911775175493
776.8936728774959
848.2561399894639
715.6921995810193
862.1350010122982
948.5735041442497
694.2669983291802
938.3705057505665
665.0550954481404
779.3300308122512
777.4924822985704
780.0869367647838
777.5504831215858
745.0579081928959
729.4166867274679
778.9227426937372
729.5705754167253
888.4198994572374
746.7321846688922
899.9851710217181
950.9820498575762
826.0266744814053
752.971635318276
764.1469646085072
925.1342018806056
760.2847256262008
919.0552845452498
778.4455970828253
641.2536347332081
827.2736253091527
845.2750160805363
703.6132173310821
663.2165173359348
915.7244232784327
1002.063785557745
1002.3379337205132
838.5085716146893
863.6082593011095
1017.471687313986
891.3768258158402
816.2037843103997
863.9004419160244
890.1392757636212
1047.8685657159986
922.6216842175085
876.0764205063275
970.7790425180813
809.6998491329983
910.8169138121124
894.7285965826084
947.311247764064
833.4104588812393
863.0943824220868
1008.1486777096309
967.0272321231505
841.0091811440897
838.1798600574837
868.4081273922255
882.2657872756704
825.1703279174378
789.6727604078078
1027.4543298137764
837.1376158411194
823.7213256916577
912.844180440331
924.2130440396802
931.9378461322
878.5304367690213
784.0671314474394
907.0716051647354
825.1703279174378
949.4707809647994
758.5817573130962
905.3835585636151
815.3865961941419
949.7167717664422
980.1127326628844
1069.4282088328491
1086.1900355984073
841.467817896522
1014.6850271343314
924.2433352802411
778.8632610267583
927.0976407008686
862.683423870309
824.8445517103124
1064.379184333785
997.9348834727593
781.914241567418
858.4880513574036
940.6069158135567
800.5063284611239
821.5776970828986
792.3614681683289
989.0036815591338
910.8169138121124
1078.0016799279247
1061.1223405688588
858.3333456185176
1026.320981848366
1071.4547437120816
875.3608025928067
1020.5590962217805
879.6537077458659
970.7790425180813
879.2509925283039
970.7790425180813
917.3528252231044
835.272731620149
800.5902664336127
761.0779948533535
901.0370272237249
977.2401649619899
826.5897001415874
891.0255430815068
787.8643614404507
761.0779948533535
824.8786891203908
801.6469763823611
793.9129439434641
805.877868399001
852.7686042302629
1019.2331285428656
835.272731620149
841.0724852735807
1061.1223405688588
1045.1527837870074
1066.679851273358
835.272731620149
792.8896471209855
810.4712844262419
791.4922527024003
827.9474231167594
796.8978363993331
999.6930382885141
767.7575834943386
758.916817852884
797.8989169954868
869.354641056681
835.272731620149
1020.7671189215235
822.1344540272697
832.7028243014373
890.5785087557598
1019.2331285428656
1019.2331285428656
874.8071057909127
859.740289033422
753.6021888293914
827.2995376911208
924.3696516737531
755.1328777279642
803.4750224643052
863.1180602871382
966.5071575197162
792.941734292815
910.8169138121124
806.2903016921222
1061.1223405688588
999.6930382885141
769.011099786454
801.071595341529
824.6041495752045
779.544309664705
818.697300266713
827.9474231167594
1058.8506554184648
999.6930382885141
800.842026982151
806.2903016921222
879.6031886244848
970.7790425180813
869.7196215999675
895.2151406787657
953.5790581854645
879.1217557720781
1061.1223405688588
1074.5510954931299
1046.2157721617414
1028.0255815615135
1017.5039405728046
1009.094306713469
1014.7145531549122
1021.2426540903737
995.9888783636432
1011.6384599858324
993.646014710168
1010.3322410797309
1006.2911838459213
1011.6384599858324
1006.7794627178439
863.1180602871382
835.272731620149
840.9350349389308
825.021010537056
780.9474460215729
803.5676537469037
878.8470988184588
996.6576418359409
828.335536086732
1000.9444168712466
789.6060831267853
970.7790425180813
886.4241647642207
985.3011449696146
800.903784131074
1061.1223405688588
761.0779948533535
761.0779948533535
761.0779948533535
932.9428430252847
999.6930382885141
860.2594925334311
835.272731620149
835.272731620149
813.1397339558715
826.2787073650568
879.6594409576587
870.1283715310642
970.7790425180813
879.2233004058744
930.9567337719167
932.9428430252847
813.1397339558715
932.9428430252847
863.1180602871382
1000.9444168712466
827.6831255408483
773.8433137584123
780.9608259606107
863.1180602871382
813.146668723727
878.805587265625
813.146668723727
869.6338334487539
925.182341545683
1071.514091567432
803.5676537469037
879.2175239624842
1019.2331285428656
1019.2331285428656
1029.971409963368
761.0779948533535
1061.1223405688588
1075.154265966888
1013.8709115743638
966.4654736836653
1061.2708911060568
863.1180602871382
840.0219214973558
835.272731620149
798.0558496037222
825.2583857083803
761.0779948533535
806.2903016921222
1011.6384599858324
1019.2331285428656
832.2678520686966
869.2634558785712
889.0235361361688
888.3062470453631
1041.6003852866215
863.1180602871382
798.4885980008971
800.7037126410723
888.3062470453631
873.3637839398548
766.6333809138188
1003.3050220754045
999.6493560273312
999.6493560273312
993.646014710168
798.4885980008971
958.8762788216367
800.6915467877109
999.6930382885141
999.6930382885141
835.272731620149
1061.1223405688588
1041.6003852866215
1061.1223405688588
999.6930382885141
825.2864619734275
1019.2331285428656
794.1862183464698
825.2738952738173
915.7244232784327
820.1580377729551
1011.6384599858324
1011.6384599858324
1011.6384599858324
1000.9444168712466
887.577468302361
863.1180602871382
825.2864619734275
860.1244575677324
885.7456912946934
885.3707358589445
800.6915467877109
951.0909917411434
1000.9444168712466
863.1180602871382
808.042501087665
915.7244232784327
822.9088853648904
869.294270437546
970.7790425180813
970.7790425180813
878.8449003459066
970.7790425180813
923.8803293497187
803.5676537469037
803.5676537469037
1061.1223405688588
1019.2331285428656
813.146668723727
1041.6003852866215
1000.9444168712466
840.1421433663213
999.6930382885141
999.6930382885141
806.2903016921222
759.0024260314665
1061.1223405688588
938.9088681845321
761.0779948533535
761.0779948533535
869.695536402724
879.2138630013242
885.5909473861395
885.5909473861395
970.7790425180813
888.3062470453631
888.3062470453631
888.3062470453631
888.3062470453631
869.695536402724
878.3980015298712
885.5909473861395
885.5909473861395
900.5839890589953
910.8169138121124
1059.2044682147339
863.1180602871382
884.7778119165342
993.646014710168
993.646014710168
887.9658421674119
932.1352998507421
1019.2331285428656
1019.2331285428656
1061.1223405688588
1019.2331285428656
903.0528363002879
898.7164157334339
761.0779948533535
761.0779948533535
1041.6003852866215
1041.6003852866215
898.7164157334339
863.1180602871382
863.1180602871382
935.3687914396462
833.5850231740451
781.4052090976645
762.8984994579961
1045.2869791797925
845.9995559368605
836.8684033429129
835.272731620149
835.272731620149
798.4885980008971
800.6915467877109
761.0779948533535
1061.1223405688588
761.0779948533535
1041.6003852866215
835.272731620149
798.4885980008971
825.3001900237412
825.32826784178
806.2903016921222
838.7410208817774
999.6930382885141
950.0249026144803
819.9140644243632
999.6930382885141
879.2237235840686
999.6493560273312
1061.1223405688588
999.6930382885141
1019.2331285428656
875.1880397911847
1019.2331285428656
1019.2331285428656
898.7164157334339
1061.1223405688588
999.6930382885141
798.4885980008971
1041.6003852866215
813.146668723727
863.1180602871382
813.146668723727
941.421966917199
872.1600717311114
863.1180602871382
800.6915467877109
800.6915467877109
806.2903016921222
1027.4543298137764
978.9024271226046
980.4762963352822
1041.6003852866215
1041.6003852866215
898.7164157334339
1061.1223405688588
761.0779948533535
988.5010918093417
999.6930382885141
898.7164157334339
1061.1223405688588
863.1180602871382
863.1180602871382
825.32826784178
832.5941576721675
898.7164157334339
888.3062470453631
761.0779948533535
761.0779948533535
819.9140644243632
931.7476762428319
999.6930382885141
1019.2331285428656
1020.3042535809653
878.3980015298712
885.5909473861395
1027.4543298137764
922.1301909950721
1061.1223405688588
1041.6003852866215
1041.6003852866215
1019.2331285428656
1019.2331285428656
999.6930382885141
999.6930382885141
898.7164157334339
761.0779948533535
761.0779948533535
761.0779948533535
1041.6003852866215
800.6915467877109
835.272731620149
835.272731620149
798.4885980008971
798.4885980008971
806.2903016921222
806.2903016921222
1061.1223405688588
1061.1223405688588
863.1180602871382
863.1180602871382
863.1180602871382
898.7164157334339
898.7164157334339
1019.2331285428656
825.32826784178
999.6930382885141
1049.0289193690617
875.9769400558719
1061.1223405688588
761.0779948533535
813.146668723727
813.146668723727
1041.6003852866215
1041.6003852866215
1041.6003852866215
999.6930382885141
863.1180602871382
1019.2331285428656
1019.2331285428656
1019.2331285428656
863.1180602871382
1061.1223405688588
1061.1223405688588
898.7164157334339
999.6930382885141
898.7164157334339
898.7164157334339
1041.6003852866215
898.7164157334339
1041.6003852866215
761.0779948533535
761.0779948533535
1061.1223405688588
1019.2331285428656
1019.2331285428656
863.1180602871382
999.6930382885141
999.6930382885141
898.7164157334339
999.6930382885141
1041.6003852866215
863.1180602871382
1041.6003852866215
1061.1223405688588
761.0779948533535
869.695536402724
970.7790425180813
970.7790425180813
869.695536402724
878.3980015298712
922.4133951323076
922.4133951323076
922.4133951323076
922.4133951323076
922.4133951323076
863.1180602871382
800.6915467877109
806.2903016921222
915.7244232784327
863.1180602871382
970.7790425180813
885.5909473861395
885.5909473861395
888.3062470453631
1019.2331285428656
1061.1223405688588
1061.1223405688588
1019.2331285428656
1061.1223405688588
898.7164157334339
898.7164157334339
1041.6003852866215
1041.6003852866215
761.0779948533535
761.0779948533535
806.2903016921222
806.2903016921222
870.3121557032623
819.9140644243632
999.6930382885141
863.1180602871382
863.1180602871382
761.0779948533535
800.6915467877109
835.272731620149
813.146668723727
849.2579943841015
760.9060382939363
803.5676537469037
932.9428430252847
1019.2331285428656
834.2439700507
999.6930382885141
999.6930382885141
798.4885980008971
1061.1223405688588
898.7164157334339
898.7164157334339
898.7164157334339
999.6930382885141
1019.2331285428656
1019.2331285428656
1019.2331285428656
863.1180602871382
898.7164157334339
1061.1223405688588
1061.1223405688588
1041.6003852866215
1041.6003852866215
999.6930382885141
999.6930382885141
863.1180602871382
863.1180602871382
761.0779948533535
835.272731620149
825.32826784178
825.32826784178
825.32826784178
800.6915467877109
798.4885980008971
798.4885980008971
835.272731620149
833.2028572570946
761.0779948533535
1041.399624906106
953.5790581854645
879.2358013677397
879.2449472124921
869.695536402724
885.5909473861395
898.7164157334339
1041.6003852866215
761.0779948533535
869.695536402724
970.7790425180813
869.695536402724
922.4133951323076
922.4133951323076
1061.1223405688588
999.6930382885141
898.7164157334339
1019.2331285428656
1019.2331285428656
798.4885980008971
953.5790581854645
830.1860982895106
1061.1223405688588
1061.1223405688588
999.6930382885141
898.7164157334339
1041.6003852866215
1041.6003852866215
761.0779948533535
761.0779948533535
1041.6003852866215
825.32826784178
825.32826784178
813.146668723727
813.146668723727
813.146668723727
813.146668723727
800.6915467877109
835.272731620149
813.146668723727
970.7790425180813
869.695536402724
879.2540965004176
888.3062470453631
1061.1223405688588
863.1180602871382
761.0779948533535
888.3062470453631
910.8169138121124
835.272731620149
854.6923727789499
1049.0289193690617
800.6915467877109
1019.2331285428656
888.3062470453631
888.3062470453631
806.2903016921222
999.6930382885141
999.6930382885141
1019.2331285428656
1019.2331285428656
1061.1223405688588
1019.2331285428656
863.1180602871382
863.1180602871382
898.7164157334339
898.7164157334339
999.6930382885141
898.7164157334339
1061.1223405688588
1041.6003852866215
1041.6003852866215
761.0779948533535
761.0779948533535
1061.1223405688588
863.1180602871382
830.9318556237084
863.1180602871382
761.0779948533535
761.0779948533535
953.5790581854645
866.8373662825262
850.1334701264805
863.1180602871382
833.2166335245136
833.2166335245136
1019.2331285428656
1019.2331285428656
999.6930382885141
999.6930382885141
1061.1223405688588
1019.2331285428656
1041.6003852866215
1041.6003852866215
898.7164157334339
898.7164157334339
898.7164157334339
1061.1223405688588
1041.6003852866215
999.6930382885141
898.7164157334339
1061.1223405688588
1041.6003852866215
1041.6003852866215
999.6930382885141
999.6930382885141
863.1180602871382
863.1180602871382
999.6930382885141
1061.1223405688588
761.0779948533535
761.0779948533535
761.0779948533535
915.7244232784327
1019.2331285428656
1019.2331285428656
1041.6003852866215
1061.1223405688588
761.0779948533535
761.0779948533535
1019.2331285428656
863.1180602871382
862.65552036247
833.20407634717
863.1180602871382
833.20407634717
1041.6003852866215
1061.1223405688588
999.6930382885141
863.1180602871382
980.4762963352822
932.9428430252847
910.8169138121124
898.7164157334339
898.7164157334339
898.7164157334339
999.6930382885141
999.6930382885141
863.1180602871382
863.1180602871382
1041.6003852866215
1041.6003852866215
761.0779948533535
1019.2331285428656
1019.2331285428656
1061.1223405688588
1061.1223405688588
761.0779948533535
1019.2331285428656
1019.2331285428656
1019.2331285428656
1061.1223405688588
1041.6003852866215
863.1180602871382
863.1180602871382
1019.2331285428656
761.0779948533535
761.0779948533535
761.0779948533535
879.4508631627409
915.7244232784327
1041.6003852866215
898.7164157334339
898.7164157334339
999.6930382885141
1041.6003852866215
999.6930382885141
1041.6003852866215
898.7164157334339
999.6930382885141
863.1180602871382
800.6915467877109
1061.1223405688588
1061.1223405688588
1061.1223405688588
1061.1223405688588
1019.2331285428656
761.0779948533535
761.0779948533535
898.7164157334339
999.6930382885141
970.7790425180813
970.7790425180813
862.3176442003614
862.1311575704332
861.8273692929151
999.6930382885141
825.32826784178
825.32826784178
798.4885980008971
798.4885980008971
806.2903016921222
898.7164157334339
898.7164157334339
898.7164157334339
898.7164157334339
863.1180602871382
863.1180602871382
825.32826784178
835.272731620149
800.6915467877109
835.272731620149
798.4885980008971
806.2903016921222
1011.6384599858324
1061.1223405688588
1019.2331285428656
1019.2331285428656
863.1180602871382
806.2903016921222
932.9428430252847
953.5790581854645
1041.6003852866215
1041.6003852866215
1041.6003852866215
1041.6003852866215
1019.2331285428656
1061.1223405688588
1061.1223405688588
1061.1223405688588
898.7164157334339
898.7164157334339
999.6930382885141
999.6930382885141
761.0779948533535
761.0779948533535
761.0779948533535
1075.9338373323048
1041.6003852866215
863.1180602871382
863.1180602871382
1049.0289193690617
1061.1223405688588
898.7164157334339
863.1180602871382
863.1180602871382
863.1180602871382
1000.9444168712466
886.794423856132
1071.867311403615
759.0024260314665
1049.0289193690617
1019.2331285428656
1019.2331285428656
898.7164157334339
1041.6003852866215
1041.6003852866215
999.6930382885141
999.6930382885141
999.6930382885141
1041.6003852866215
1019.2331285428656
1061.1223405688588
1061.1223405688588
761.0779948533535
761.0779948533535
999.6930382885141
1019.2331285428656
761.0779948533535
761.0779948533535
761.0779948533535
825.32826784178
798.4885980008971
800.6915467877109
800.6915467877109
835.272731620149
825.32826784178
833.2178528590506
1061.1223405688588
898.7164157334339
898.7164157334339
999.6930382885141
999.6930382885141
833.2178528590506
1041.6003852866215
1041.6003852866215
1019.2331285428656
863.1180602871382
869.695536402724
879.2842087910266
879.2933603435789
885.5909473861395
863.1180602871382
922.4133951323076
863.1180602871382
863.1180602871382
1019.2331285428656
1019.2331285428656
999.6930382885141
999.6930382885141
1061.1223405688588
1061.1223405688588
898.7164157334339
898.7164157334339
1061.1223405688588
1019.2331285428656
761.0779948533535
761.0779948533535
898.7164157334339
898.7164157334339
1041.6003852866215
1041.6003852866215
1041.6003852866215
863.1180602871382
761.0779948533535
761.0779948533535
999.6930382885141
1019.2331285428656
1019.2331285428656
863.1180602871382
879.2175239624842
1041.6003852866215
1041.6003852866215
1061.1223405688588
1061.1223405688588
863.1180602871382
863.1180602871382
898.7164157334339
898.7164157334339
898.7164157334339
761.0779948533535
1061.1223405688588
999.6930382885141
999.6930382885141
999.6930382885141
1061.1223405688588
1019.2331285428656
1019.2331285428656
1019.2331285428656
863.1180602871382
863.1180602871382
1061.1223405688588
999.6930382885141
1019.2331285428656
1061.1223405688588
761.0779948533535
761.0779948533535
835.272731620149
835.272731620149
813.146668723727
813.146668723727
813.146668723727
1041.6003852866215
1041.6003852866215
1041.6003852866215
999.6930382885141
761.0779948533535
999.6930382885141
863.1180602871382
1041.6003852866215
806.2903016921222
898.7164157334339
1061.1223405688588
1061.1223405688588
761.0779948533535
761.0779948533535
761.0779948533535
761.0779948533535
863.1180602871382
898.7164157334339
898.7164157334339
898.7164157334339
898.7164157334339
1019.2331285428656
863.1180602871382
993.646014710168
1061.1223405688588
1019.2331285428656
1019.2331285428656
999.6930382885141
999.6930382885141
970.7790425180813
885.5909473861395
885.5909473861395
869.695536402724
888.3062470453631
1041.6003852866215
1041.6003852866215
1061.1223405688588
1041.6003852866215
863.1180602871382
999.6930382885141
970.7790425180813
869.695536402724
879.2933603435789
879.2933603435789
885.5909473861395
885.5909473861395
885.5909473861395
869.695536402724
970.7790425180813
879.2933603435789
922.4133951323076
922.4133951323076
922.4133951323076
922.4133951323076
922.4133951323076
922.4133951323076
885.5909473861395
879.2933603435789
970.7790425180813
879.2933603435789
869.695536402724
888.3062470453631
970.7790425180813
861.8273692929151
1061.1223405688588
898.7164157334339
999.6930382885141
999.6930382885141
1041.6003852866215
761.0779948533535
863.1180602871382
863.1180602871382
1019.2331285428656
1019.2331285428656
1041.6003852866215
1019.2331285428656
761.0779948533535
761.0779948533535
863.1180602871382
825.32826784178
798.4885980008971
800.6915467877109
1041.6003852866215
1061.1223405688588
1061.1223405688588
898.7164157334339
898.7164157334339
898.7164157334339
898.7164157334339
999.6930382885141
999.6930382885141
898.7164157334339
863.1180602871382
863.1180602871382
863.1180602871382
1061.1223405688588
1019.2331285428656
1019.2331285428656
1019.2331285428656
1041.6003852866215
1041.6003852866215
1041.6003852866215
999.6930382885141
761.0779948533535
1061.1223405688588
999.6930382885141
1041.6003852866215
898.7164157334339
761.0779948533535
1019.2331285428656
898.7164157334339
761.0779948533535
863.1180602871382
1041.6003852866215
1061.1223405688588
1061.1223405688588
999.6930382885141
999.6930382885141
761.0779948533535
761.0779948533535
863.1180602871382
863.1180602871382
863.1180602871382
1061.1223405688588
1019.2331285428656
898.7164157334339
898.7164157334339
999.6930382885141
999.6930382885141
898.7164157334339
1061.1223405688588
761.0779948533535
761.0779948533535
761.0779948533535
1019.2331285428656
1019.2331285428656
1061.1223405688588
898.7164157334339
1019.2331285428656
863.1180602871382
999.6930382885141
1061.1223405688588
1041.6003852866215
977.2401649619899
798.4885980008971
798.4885980008971
806.2903016921222
1019.2331285428656
1041.6003852866215
1041.6003852866215
1041.6003852866215
761.0779948533535
761.0779948533535
761.0779948533535
761.0779948533535
761.0779948533535
863.1180602871382
869.695536402724
970.7790425180813
888.3062470453631
888.3062470453631
999.6930382885141
863.1180602871382
1061.1223405688588
1061.1223405688588
1019.2331285428656
1061.1223405688588
999.6930382885141
898.7164157334339
898.7164157334339
1019.2331285428656
999.6930382885141
954.870250186601
806.2903016921222
806.2903016921222
898.7164157334339
1061.1223405688588
1041.6003852866215
1041.6003852866215
1041.6003852866215
1041.6003852866215
999.6930382885141
1019.2331285428656
1019.2331285428656
1061.1223405688588
898.7164157334339
863.1180602871382
863.1180602871382
863.1180602871382
1019.2331285428656
898.7164157334339
898.7164157334339
898.7164157334339
1019.2331285428656
761.0779948533535
761.0779948533535
1019.2331285428656
999.6930382885141
999.6930382885141
993.646014710168
999.6930382885141
1061.1223405688588
1061.1223405688588
1061.1223405688588
1019.2331285428656
1019.2331285428656
863.1180602871382
863.1180602871382
863.1180602871382
879.2175239624842
1041.6003852866215
1041.6003852866215
1041.6003852866215
999.6930382885141
922.4133951323076
843.767769162476
761.0779948533535
1061.1223405688588
863.1180602871382
999.6930382885141
999.6930382885141
813.146668723727
813.146668723727
879.2175239624842
761.0779948533535
1061.1223405688588
1019.2331285428656
1019.2331285428656
1061.1223405688588
898.7164157334339
863.1180602871382
863.1180602871382
863.1180602871382
1041.6003852866215
1041.6003852866215
1041.6003852866215
898.7164157334339
863.1180602871382
1041.6003852866215
1041.6003852866215
1061.1223405688588
898.7164157334339
1061.1223405688588
761.0779948533535
761.0779948533535
761.0779948533535
898.7164157334339
898.7164157334339
999.6930382885141
999.6930382885141
833.0155001236769
999.6930382885141
999.6930382885141
833.0155001236769
898.7164157334339
898.7164157334339
898.7164157334339
1019.2331285428656
1019.2331285428656
761.0779948533535
761.0779948533535
879.2933603435789
879.2933603435789
869.695536402724
970.7790425180813
861.6476245805028
863.1180602871382
1061.1223405688588
999.6930382885141
761.0779948533535
833.0374020209174
1019.2331285428656
1019.2331285428656
1019.2331285428656
863.1180602871382
863.1180602871382
833.339811939888
863.1180602871382
1061.1223405688588
1061.1223405688588
1041.6003852866215
1041.6003852866215
1041.6003852866215
761.0779948533535
999.6930382885141
999.6930382885141
1061.1223405688588
1041.6003852866215
761.0779948533535
999.6930382885141
1061.1223405688588
898.7164157334339
898.7164157334339
898.7164157334339
1019.2331285428656
1019.2331285428656
761.0779948533535
761.0779948533535
761.0779948533535
999.6930382885141
1041.6003852866215
1041.6003852866215
898.7164157334339
999.6930382885141
863.1180602871382
863.1180602871382
863.1180602871382
1061.1223405688588
1061.1223405688588
1019.2331285428656
1019.2331285428656
1061.1223405688588
761.0779948533535
761.0779948533535
761.0779948533535
999.6930382885141
999.6930382885141
1061.1223405688588
1041.6003852866215
1041.6003852866215
1041.6003852866215
898.7164157334339
898.7164157334339
1019.2331285428656
1019.2331285428656
1061.1223405688588
898.7164157334339
898.7164157334339
1041.6003852866215
1019.2331285428656
863.1180602871382
1019.2331285428656
1041.6003852866215
1041.6003852866215
863.1180602871382
863.1180602871382
863.1180602871382
898.7164157334339
898.7164157334339
898.7164157334339
1041.6003852866215
1019.2331285428656
863.1180602871382
1061.1223405688588
1061.1223405688588
1061.1223405688588
999.6930382885141
863.1180602871382
1019.2331285428656
999.6930382885141
861.6476245805028
999.6493560273312
999.6493560273312
1011.6384599858324
1019.2331285428656
761.0779948533535
916.029384765457
800.6915467877109
1041.6003852866215
1041.6003852866215
999.6930382885141
999.6930382885141
999.6930382885141
1041.6003852866215
999.6930382885141
761.0779948533535
761.0779948533535
761.0779948533535
761.0779948533535
898.7164157334339
898.7164157334339
898.7164157334339
1061.1223405688588
1061.1223405688588
1041.6003852866215
1019.2331285428656
898.7164157334339
999.6930382885141
898.7164157334339
1019.2331285428656
863.1180602871382
863.1180602871382
863.1180602871382
863.1180602871382
835.272731620149
825.32826784178
825.32826784178
835.272731620149
835.272731620149
800.6915467877109
798.4885980008971
800.6915467877109
833.339811939888
1000.9444168712466
1019.2331285428656
761.0779948533535
813.146668723727
999.6930382885141
999.6930382885141
1061.1223405688588
1061.1223405688588
1061.1223405688588
1041.6003852866215
1041.6003852866215
761.0779948533535
761.0779948533535
1041.6003852866215
863.1180602871382
863.1180602871382
863.1180602871382
910.8169138121124
1019.2331285428656
1019.2331285428656
761.0779948533535
999.6930382885141
999.6930382885141
1061.1223405688588
761.0779948533535
999.6930382885141
1061.1223405688588
898.7164157334339
898.7164157334339
1019.2331285428656
1019.2331285428656
1019.2331285428656
1019.2331285428656
1019.2331285428656
761.0779948533535
898.7164157334339
1061.1223405688588
898.7164157334339
761.0779948533535
1041.6003852866215
1041.6003852866215
1041.6003852866215
1041.6003852866215
1061.1223405688588
1061.1223405688588
1061.1223405688588
863.1180602871382
863.1180602871382
863.1180602871382
863.1180602871382
898.7164157334339
1041.6003852866215
999.6930382885141
999.6930382885141
999.6930382885141
999.6930382885141
999.6930382885141
1061.1223405688588
898.7164157334339
863.1180602871382
1061.1223405688588
898.7164157334339
898.7164157334339
898.7164157334339
898.7164157334339
1041.6003852866215
1041.6003852866215
761.0779948533535
761.0779948533535
761.0779948533535
999.6930382885141
1041.6003852866215
863.1180602871382
861.4493765002267
800.6915467877109
1061.1223405688588
1019.2331285428656
1019.2331285428656
1019.2331285428656
1061.1223405688588
898.7164157334339
898.7164157334339
999.6930382885141
761.0779948533535
761.0779948533535
761.0779948533535
932.9428430252847
915.7244232784327
999.6930382885141
1019.2331285428656
999.6930382885141
863.1180602871382
835.272731620149
806.2903016921222
1061.1223405688588
1061.1223405688588
1019.2331285428656
1061.1223405688588
863.1180602871382
863.1180602871382
861.4493765002267
863.1180602871382
1041.6003852866215
1041.6003852866215
1041.6003852866215
999.6930382885141
898.7164157334339
898.7164157334339
898.7164157334339
1041.6003852866215
1019.2331285428656
1061.1223405688588
863.1180602871382
863.1180602871382
761.0779948533535
761.0779948533535
898.7164157334339
1019.2331285428656
1061.1223405688588
1061.1223405688588
1041.6003852866215
999.6930382885141
1041.6003852866215
1041.6003852866215
1019.2331285428656
999.6930382885141
999.6930382885141
806.2903016921222
806.2903016921222
761.0779948533535
861.4493765002267
761.0779948533535
761.0779948533535
1019.2331285428656
953.5790581854645
761.0779948533535
761.0779948533535
1019.2331285428656
821.8410273757486
1019.2331285428656
999.6930382885141
863.1180602871382
863.1180602871382
898.7164157334339
898.7164157334339
1061.1223405688588
1061.1223405688588
1061.1223405688588
1019.2331285428656
1061.1223405688588
761.0779948533535
898.7164157334339
898.7164157334339
898.7164157334339
898.7164157334339
863.1180602871382
863.1180602871382
863.1180602871382
761.0779948533535
1041.6003852866215
1041.6003852866215
1041.6003852866215
1061.1223405688588
1019.2331285428656
1019.2331285428656
999.6930382885141
999.6930382885141
999.6930382885141
761.0779948533535
1061.1223405688588
1019.2331285428656
1061.1223405688588
999.6930382885141
761.0779948533535
761.0779948533535
761.0779948533535
1019.2331285428656
863.1180602871382
863.1180602871382
993.646014710168
863.1180602871382
798.4885980008971
798.4885980008971
825.32826784178
825.32826784178
1041.6003852866215
1041.6003852866215
1041.6003852866215
863.1180602871382
1041.6003852866215
1041.6003852866215
1019.2331285428656
1019.2331285428656
1019.2331285428656
761.0779948533535
854.6923727789499
999.6930382885141
835.272731620149
835.272731620149
813.146668723727
813.146668723727
999.6930382885141
999.6930382885141
1061.1223405688588
1061.1223405688588
999.6930382885141
898.7164157334339
898.7164157334339
898.7164157334339
1061.1223405688588
761.0779948533535
761.0779948533535
761.0779948533535
761.0779948533535
1061.1223405688588
1061.1223405688588
761.0779948533535
898.7164157334339
898.7164157334339
863.1180602871382
863.1180602871382
863.1180602871382
863.1180602871382
863.1180602871382
1019.2331285428656
1019.2331285428656
761.0779948533535
1041.6003852866215
1041.6003852866215
1041.6003852866215
1041.6003852866215
1041.6003852866215
898.7164157334339
898.7164157334339
898.7164157334339
1061.1223405688588
999.6930382885141
999.6930382885141
999.6930382885141
999.6930382885141
1061.1223405688588
863.1180602871382
863.1180602871382
1019.2331285428656
1019.2331285428656
999.6930382885141
1041.6003852866215
1019.2331285428656
1019.2331285428656
1061.1223405688588
1061.1223405688588
999.6930382885141
1019.2331285428656
863.1180602871382
760.9060382939363
980.4762963352822
980.4762963352822
999.6930382885141
863.1180602871382
910.8169138121124
863.1180602871382
863.1180602871382
898.7164157334339
898.7164157334339
898.7164157334339
898.7164157334339
898.7164157334339
898.7164157334339
1061.1223405688588
1061.1223405688588
1041.6003852866215
1041.6003852866215
1041.6003852866215
761.0779948533535
761.0779948533535
761.0779948533535
1041.6003852866215
1061.1223405688588
1019.2331285428656
1019.2331285428656
761.0779948533535
761.0779948533535
761.0779948533535
1019.2331285428656
1041.6003852866215
1041.6003852866215
1061.1223405688588
863.1180602871382
863.1180602871382
999.6930382885141
999.6930382885141
999.6930382885141
1019.2331285428656
1019.2331285428656
999.6930382885141
1061.1223405688588
1061.1223405688588
1041.6003852866215
1019.2331285428656
1041.6003852866215
1041.6003852866215
898.7164157334339
898.7164157334339
898.7164157334339
761.0779948533535
999.6930382885141
999.6930382885141
898.7164157334339
1061.1223405688588
999.6930382885141
1041.6003852866215
863.1180602871382
863.1180602871382
863.1180602871382
863.1180602871382
863.1180602871382
863.1180602871382
1061.1223405688588
1019.2331285428656
1019.2331285428656
761.0779948533535
1061.1223405688588
761.0779948533535
761.0779948533535
761.0779948533535
999.6930382885141
999.6930382885141
1061.1223405688588
1041.6003852866215
898.7164157334339
898.7164157334339
898.7164157334339
898.7164157334339
1061.1223405688588
898.7164157334339
1019.2331285428656
1019.2331285428656
1019.2331285428656
1019.2331285428656
999.6930382885141
999.6930382885141
1061.1223405688588
761.0779948533535
761.0779948533535
999.6930382885141
999.6930382885141
898.7164157334339
1061.1223405688588
863.1180602871382
863.1180602871382
761.0779948533535
761.0779948533535
761.0779948533535
761.0779948533535
1041.6003852866215
863.1180602871382
863.1180602871382
863.1180602871382
999.6930382885141
1041.6003852866215
1041.6003852866215
1041.6003852866215
1041.6003852866215
1041.6003852866215
1019.2331285428656
999.6930382885141
1061.1223405688588
1061.1223405688588
1061.1223405688588
1019.2331285428656
1041.6003852866215
999.6930382885141
999.6930382885141
863.1180602871382
1019.2331285428656
1019.2331285428656
1019.2331285428656
761.0779948533535
898.7164157334339
898.7164157334339
898.7164157334339
898.7164157334339
898.7164157334339
1019.2331285428656
761.0779948533535
1061.1223405688588
898.7164157334339
863.1180602871382
863.1180602871382
863.1180602871382
1019.2331285428656
1019.2331285428656
1061.1223405688588
1061.1223405688588
1061.1223405688588
898.7164157334339
761.0779948533535
761.0779948533535
761.0779948533535
898.7164157334339
1061.1223405688588
1041.6003852866215
1041.6003852866215
1019.2331285428656
1019.2331285428656
999.6930382885141
999.6930382885141
999.6930382885141
999.6930382885141
1061.1223405688588
898.7164157334339
898.7164157334339
863.1180602871382
1061.1223405688588
1041.6003852866215
1041.6003852866215
1041.6003852866215
1041.6003852866215
1041.6003852866215
999.6930382885141
999.6930382885141
999.6930382885141
863.1180602871382
863.1180602871382
863.1180602871382
835.1655160335055
863.1180602871382
761.2812337430507
1049.0289193690617
803.5676537469037
1019.2331285428656
1019.2331285428656
1019.2331285428656
761.0779948533535
977.2401649619899
1061.1223405688588
1041.6003852866215
1041.6003852866215
898.7164157334339
898.7164157334339
1061.1223405688588
1061.1223405688588
761.0779948533535
761.0779948533535
761.0779948533535
761.0779948533535
1061.1223405688588
863.1180602871382
999.6930382885141
1041.6003852866215
863.1180602871382
1061.1223405688588
761.0779948533535
761.0779948533535
761.0779948533535
1019.2331285428656
1019.2331285428656
898.7164157334339
898.7164157334339
863.1180602871382
977.2401649619899
863.1180602871382
798.4885980008971
798.4885980008971
800.6915467877109
813.146668723727
813.146668723727
813.146668723727
863.1180602871382
800.6915467877109
800.6915467877109
798.4885980008971
833.339811939888
863.1180602871382
999.6930382885141
999.6930382885141
999.6930382885141
833.339811939888
898.7164157334339
999.6930382885141
999.6930382885141
1061.1223405688588
1061.1223405688588
1019.2331285428656
1019.2331285428656
761.0779948533535
1019.2331285428656
1061.1223405688588
898.7164157334339
1041.6003852866215
1041.6003852866215
1041.6003852866215
1041.6003852866215
1041.6003852866215
1061.1223405688588
761.0779948533535
898.7164157334339
898.7164157334339
898.7164157334339
898.7164157334339
999.6930382885141
999.6930382885141
999.6930382885141
863.1180602871382
863.1180602871382
1019.2331285428656
1019.2331285428656
1019.2331285428656
999.6930382885141
1061.1223405688588
1061.1223405688588
999.6930382885141
1019.2331285428656
1061.1223405688588
863.1180602871382
863.1180602871382
1061.1223405688588
761.0779948533535
898.7164157334339
1019.2331285428656
1041.6003852866215
863.1180602871382
761.0779948533535
761.0779948533535
761.0779948533535
885.5909473861395
885.5909473861395
885.5909473861395
885.5909473861395
869.695536402724
869.695536402724
888.3062470453631
888.3062470453631
888.3062470453631
970.7790425180813
879.2933603435789
869.695536402724
970.7790425180813
922.4133951323076
1019.2331285428656
1041.6003852866215
1041.6003852866215
1041.6003852866215
999.6930382885141
761.0779948533535
898.7164157334339
863.1180602871382
863.1180602871382
863.1180602871382
898.7164157334339
898.7164157334339
898.7164157334339
863.1180602871382
761.0779948533535
999.6930382885141
999.6930382885141
1061.1223405688588
1061.1223405688588
1061.1223405688588
1019.2331285428656
1019.2331285428656
1041.6003852866215
1041.6003852866215
1041.6003852866215
1041.6003852866215
999.6930382885141
1041.6003852866215
1041.6003852866215
1041.6003852866215
1061.1223405688588
1061.1223405688588
1019.2331285428656
761.0779948533535
761.0779948533535
761.0779948533535
761.0779948533535
999.6930382885141
