87.68474767868372
103.41227791863854
125.90440100575464
160.09396519029139
207.53447513745846
256.05489300384005
114.41119617761667
130.73832993368777
482.8904731753025
364.5444166197542
645.6458734893477
548.1060482914345
555.6288999238964
392.89934503228454
95.50978429139327
225.2963651744646
406.0424504355308
157.78656961980752
571.7041284091149
507.26564389724786
235.44188960044448
174.42774571275112
114.61212778440783
45.35673448568606
423.514456954537
441.438240672051
397.98631501207706
507.26564389724786
518.7030772594546
482.8904731753025
184.25114439150747
533.3070062782508
328.0951694690221
370.17246845960875
400.8077946164168
298.6310827015625
160.99159222297772
169.11034129760276
21.77239887069038
8.4306860192021
217.72480109645716
210.39889866630415
229.48298319279678
6212.334434684852
515.4739357063236
524.4532220667872
524.4532220667872
460.3105778112975
555.6288999238964
440.31175996833554
254.23289645580263
272.93293083577834
485.1334212221496
148.80618028802132
303.7083265590751
349.6955004555331
90.43629575338257
394.88073569461994
227.80523951052066
54.14833717448926
238.32191610347428
337.3273000337999
234.10173981632596
216.15243767622172
292.73479574201235
386.26368517536497
449.55092864246126
647.4248978474245
245.47297032202255
321.7640569747891
221.0633834082151
507.26564389724786
127.17261798418546
142.5627936056663
127.00143953963946
569.3873441102681
76.65265580007302
1234.6112424927621
152.77280689649626
100.97621026162759
350.62693926761847
492.26495231255876
45.23670482397195
290.61634834105274
58.20478822408339
378.5030411933305
224.345785791533
638.0188179801404
57.418839811031845
173.7467458252088
259.5956292087381
259.83588536588695
138.84087114326707
325.34473932851597
478.1551468731531
438.0300177587168
399.02669855764043
470.43840272924064
507.26564389724786
379.30303896604323
604.9460892401696
533.3070062782508
342.71967399219216
478.1551468731531
434.76275412097186
609.9441918526459
426.3374988446231
480.512689561744
413.85657603978825
409.6834900976621
235.0894576612991
282.6568267718505
98.17287089870537
134.04994652545017
143.55698547467927
454.39391653304574
197.4122046776058
181.5199395922951
365.5729736467515
416.99943731647136
356.5671212547004
293.144389490971
147.02296857762383
277.35376303083274
372.1689912378441
273.67704802345645
430.17202439766896
60.3664952704292
498.0698021963073
127.6025972364524
137.4344956717193
320.48438381812036
312.5555847345762
426.3374988446231
366.96494779024016
533.3070062782508
249.5590634596482
99.61491519111931
478.1551468731531
177.0267055539984
205.0355110152758
52.271304123571625
274.4933511026753
555.6288999238964
668.4721040316088
186.7054919984963
482.8904731753025
92.53054972900237
533.3070062782508
482.8904731753025
401.55017445972254
113.09183899633699
358.7477208504534
134.09248723988338
342.8753570186238
341.15387093786006
248.90552194205014
20.60898688171406
43.33747524440203
233.46642628235136
160.25088565142443
282.51032124537574
97.95924639572424
555.6288999238964
256.83351668305716
443.9710104369352
85.71173269990938
384.44809048900765
461.76192891412177
478.1551468731531
379.59148752972993
39.921679682545815
478.1551468731531
378.8780496230255
555.6288999238964
136.55669374206553
435.2887342975661
355.73102122378145
251.1847505994122
426.6009261019095
271.81697117039596
122.5453136314951
214.45451898907936
60.8013833782678
313.90995995394945
234.20118282113685
60.29642680854987
189.39823888658168
148.17588223511302
507.26564389724786
228.61791241445638
171.87394435348813
326.80942548393546
280.82665811943554
423.52717558856125
229.643504988279
472.8251992917939
488.57057710381065
23.524869474819923
364.13242188015863
203.72707826587697
533.3070062782508
399.8537498974849
97.77267053114174
127.8615458925267
150.99558408427714
494.40367595698285
476.3786232845621
232.98416163052053
508.49911041253125
91.05306154479811
478.1551468731531
177.60582216035374
466.47478437096146
548.1060482914345
228.58157557114777
201.9931307355281
414.2023973032793
309.9402172191259
225.67068112866485
555.6288999238964
310.5587633855546
132.4085355955699
471.3793632500877
494.7952509602964
62.74320838882572
464.12388560900325
122.67090046895318
451.50741720162904
99.56297642199947
161.2923831775788
394.68540315480493
269.4078677571297
173.4310564254347
150.8569986471017
125.37502379896878
478.1551468731531
558.1091396329298
524.2733246468491
41.264162097681876
478.1551468731531
278.16733909141084
422.95358742084676
723.30797072618
343.56492657514144
225.6126957845666
482.8904731753025
130.90388880745246
239.17223546511713
46.9536787488029
68.84783804729757
285.9938170226015
399.41111977251296
482.8904731753025
251.83828149185194
511.594102552
552.6581084738359
114.45061474373648
678.1112770902351
348.5552925667856
73.29719740039374
548.1060482914345
207.2766295524728
289.75204887518237
209.42178596741945
53.86377583039888
507.26564389724786
232.50107442128905
453.8855490636146
269.5753000381054
24.19818562532612
275.2073436455854
197.4061524360615
245.1139764492316
361.48554432208334
164.64586151651017
413.55078155997256
310.58733114623953
79.76012557058694
143.08679468023925
252.76962196376104
151.54907474693135
467.4866541962246
251.61685449588765
112.85550131735717
87.42693479230896
138.69089058179014
567.9777405001358
247.46931462190003
415.34554208281685
259.49490295216464
168.25726657446637
138.9007641480238
205.45999005807113
484.0774395764643
469.13717067000977
524.4532220667872
1394.7880138963856
408.50403997715574
200.37126303150802
398.2509346668474
61.76110998453035
463.0114008957762
614.9455104168496
166.41630110892464
56.30682835574261
183.86910329009947
198.47964465316295
292.2005128718238
187.75223936043875
137.3880254272578
539.747180559011
74.19409886678822
356.98144861341854
450.9312670287002
548.1060482914345
293.32280551309503
191.8617456763181
464.0558435313477
547.6615744970084
61.72885164017204
431.7406507181535
83.70863517784959
194.0601144046281
145.1022639288011
203.23267451838754
241.34890720119938
481.0882942444246
121.55036592105056
83.90273472508727
378.5816816491901
548.1060482914345
169.43497237600428
426.3824174433803
485.8816868449877
352.2337718242493
134.41872232764706
186.22767394428047
233.1210405089721
364.5444166197542
390.48957493453617
482.8904731753025
294.1735772887838
310.39388951541787
197.95817174563902
400.7519676456588
77.55507397791355
379.93544639305685
495.1117069243313
321.148140164833
92.36517201642056
253.7172485998652
1169.4643405630197
354.9480417085529
236.03920963247555
315.64938129902686
397.98631501207706
334.0043366642059
354.8433865250333
442.02738055048775
111.4861865024417
82.1669134718879
145.08295958727547
75.00020670883873
473.6957396965689
371.4709653001787
63.590028836923025
45.73898832869517
536.6090091027831
524.4532220667872
455.7295983975322
184.85912249938292
276.90733753320035
151.00461215818217
111.59508276563918
455.58072372695375
74.36594107844593
248.30278505048034
555.6288999238964
64.36696482485232
1163.55717893751
351.23821369927805
867.3430235952944
102.8948445274277
157.13377511543024
547.0651021212934
184.61406050448448
339.6974216483607
399.29998456618927
256.77771992604096
167.05053375560337
838.2034510545775
133.71287909563193
369.67734612689867
524.4532220667872
478.1551468731531
414.2023973032793
312.797816815863
99.14704780256055
509.59286168284444
391.5350447073988
83.44441607456766
208.16170477174893
70.36827717698259
337.35142924867773
403.30658466755324
50.759176338638255
445.0139726036001
465.0697815815309
276.4884595048585
478.1551468731531
351.30456593326716
415.28977149125944
92.03781541545018
548.6188978485578
393.16713085887216
93.69469929904848
541.1441193792587
400.7519676456588
364.5444166197542
69.11051387739646
3667.678277360482
132.38096449579103
204.73625941213422
405.02990295558266
95.464351206492
14.923265807935437
159.93294073015932
147.12292805437875
412.9475717136801
65.66520582920349
177.63455206907486
197.93712224642786
97.36987166411697
183.23394044982138
60.10920486814989
114.74453801462339
99.98857701859579
555.6288999238964
247.3249646782569
362.83265695991287
356.8780976044124
507.26564389724786
68.12241524407246
482.8904731753025
468.63125171047153
362.3249437271913
148.2952679117057
378.11282169540993
230.08078133545172
393.16713085887216
131.39726625612167
696.8247639047735
390.16138459815176
283.38863634649573
139.8048488704442
88.90770045903744
190.82989650934132
182.02493255109272
33.970895560792755
719.1930621444457
14.123985651820846
66.22935092433622
453.4317396285037
268.56090057593445
271.4084375596697
340.162276592802
188.33557767831263
223.8514810212251
166.80374328152425
288.19136417756494
664.1181407053573
362.1752204608631
293.3982939947093
79.14071377250984
400.1374920052683
256.94072222866663
477.62764312787954
182.4222367201183
667.0175932406186
120.74955951579973
346.3473067674971
243.91681199067855
399.8537498974849
336.42001046543646
355.8479427840702
369.84196716523104
333.7566475834283
307.9488183560708
149.9362399222599
319.7932011550917
377.2270090573528
57.066510295706465
533.3070062782508
303.92955641521854
166.462717842867
238.13433413856575
102.90717658900626
480.512689561744
154.16725635420926
236.2491389209822
465.8163535692872
262.46860921598886
222.90162856980064
321.98177658019347
520.0816760842303
662.0035264543499
45.94115204779959
220.73848552937818
116.54040536238905
161.78979446081183
170.26890914723984
333.10910094677934
463.0114008957762
346.11044934258564
378.8780496230255
225.03101867544933
533.3070062782508
412.03645338957676
248.68735919874874
394.88073569461994
443.2730241299237
52.57840913648336
555.6288999238964
351.8447810345269
285.3005537961685
264.60651742838894
393.16713085887216
178.9049388839574
555.6288999238964
380.3851024222449
482.8904731753025
477.62764312787954
416.39881493219366
111.30367352823575
361.8178414325221
122.35813699428807
469.0366417929879
398.290916216189
156.7050007331174
478.1551468731531
90.36109271361943
411.151140621349
215.52972385249
399.80050091349915
738.0747035347524
355.8479427840702
533.3070062782508
174.70127193092105
203.89651861160775
482.8904731753025
49.511078590179224
106.98893371323898
555.6288999238964
471.3793632500877
349.2016373866186
78.85093649708357
568.9647268272707
183.45127370172116
173.26343045307442
327.5984624558251
567.6349709809492
524.4532220667872
81.54441435656155
167.33777994312064
482.8904731753025
516.3022547576229
78.77076606302451
39.014414754657636
555.6288999238964
223.6478178842181
212.39580461900982
504.0832157672907
548.1060482914345
522.4608807104692
290.04309213976296
424.82736321048486
294.1735772887838
233.99706333998375
315.5835592132366
67.09877652463534
507.26564389724786
406.4187759869347
80.6028957445313
275.65388331169487
96.68555112058412
415.28977149125944
162.23726167625193
409.6834900976621
199.7258335453481
406.7264749174684
307.51420589465073
317.0333418429069
507.26564389724786
62.69716135088481
355.8479427840702
226.91133075067575
334.64504439671225
40.96170885239977
111.66090956144542
357.98006911979195
257.4027181211296
455.85325942775603
626.7795614799275
201.97362504157468
275.1573608519944
430.3071083657014
494.61914499293596
461.76192891412177
147.6023505070206
96.37944013479232
704.7856810308643
439.26718645113294
417.4878693808643
504.83141563583416
101.6985436329971
377.3673314075126
114.87723424431853
130.91098692020353
426.3824174433803
220.92207613939445
47.71852087607927
167.36210444315554
97.38580149267551
129.38947350359166
408.1886805583903
465.28316169582484
278.6284682810118
121.00408989405801
70.11437983117334
314.60236407341586
134.96325073398174
235.11822182482143
410.2714028731767
561.6122953682923
40.53056649284342
82.16891157712134
265.0097743972931
404.74569480569437
9.663646254976868
462.08446422178207
9.552201434683809
313.9745369179841
298.8953599304079
121.38112695385816
533.8964463039097
163.97727782189645
86.9298919895303
133.0727151818242
430.69465804631835
173.0822205024504
167.94326649583746
328.20484133504857
467.6003234377847
139.30167803373655
258.88463816275384
56.14017416760173
101.74059176006746
174.59153184740893
94.21365938592162
394.87141372587837
74.83316390695586
243.1236892141962
104.61922816311136
421.2842612144646
426.6009261019095
405.7360975227151
109.74406077287341
223.01190572173417
470.43840272924064
321.44739690392305
63.17579697443577
117.63996358252238
378.7057252838311
425.51419807716843
58.8550533745438
250.83574962700345
524.4532220667872
173.26343045307442
249.17930192849863
165.98116412714347
192.96263975550633
578.6382465842865
428.52946233559555
412.03645338957676
27.61362672600609
128.97614052506844
455.0049740031496
292.81636212063023
111.88066760791936
182.59902758131534
58.80872316763542
313.87213702028447
360.1821487075763
233.46642628235136
121.9344075905215
88.35892521320238
482.8904731753025
352.78179582586193
533.3070062782508
478.1551468731531
482.8904731753025
208.83944904739866
230.81959295262877
468.63125171047153
661.8904001344275
482.8904731753025
98.9127505036495
333.16071423516183
1010.4607951220039
206.3085330839666
328.5663661850337
320.31587900047225
381.0806335398752
172.96300758230467
426.3374988446231
129.2739563701033
478.1551468731531
104.83215753371145
153.804578354814
524.4532220667872
321.148140164833
178.90836432995576
548.1060482914345
283.46369040816563
409.6834900976621
18.78270818905851
147.97676450725174
555.6288999238964
564.0993876264149
444.9949609247967
179.10545007421683
285.89548143129423
378.5816816491901
263.681252527193
407.2192766549363
269.4078677571297
397.1468891680533
351.4110901092854
316.8586036380283
364.5444166197542
133.64296035479606
507.7676338345957
293.08983513165987
1319.3733901839043
390.8529663260267
100.39239319518823
176.78253324262664
267.9323786510729
182.36381218129827
399.8537498974849
252.66358511769783
188.24826825136637
264.1925367346115
410.2333158277323
153.05278980247056
315.64938129902686
174.63339058182092
555.6288999238964
781.678321361993
268.45341939375345
118.23635238055247
122.46853698329603
308.6145331189521
387.33706404141657
465.4723520076958
451.53917211622246
229.85593581626551
352.8847118146401
141.21012138172938
169.74169040687403
414.2023973032793
533.3070062782508
98.98720581680473
436.51480045985517
320.79830895492216
131.8882626963267
463.0114008957762
128.91878620217835
364.5444166197542
151.7788959348373
610.721908575488
306.4681966374913
298.8953599304079
103.14145986592557
430.27146350994747
507.26564389724786
90.70644699570038
260.7376904279249
194.22785090138763
102.06132703984798
478.1551468731531
317.0955522602744
300.09666148708374
139.58411359433643
161.5953715870308
84.37282769402084
447.0124536164023
187.2953680937343
303.9590630311522
99.32013052066108
119.78198008765229
126.07303765138447
275.17630368370214
555.6288999238964
252.4032369162992
422.83370729730717
812.2806995127787
236.0182864803026
51.75224269033676
110.22494733798801
165.31267192392255
507.26564389724786
345.0734398112428
485.987617818543
399.8537498974849
10.846597772469352
434.2406875701721
319.7932011550917
257.4027181211296
181.24323407728758
279.2928527590168
555.6288999238964
190.37035906480554
273.28801106376744
31.22371036370457
466.47478437096146
243.90140468593358
24.031822489984293
385.87525120066766
555.6288999238964
398.63424577535
70.7524485678737
390.16138459815176
284.9464309167619
325.11723373370563
180.96026719409042
244.1250980036803
387.33706404141657
348.0190923402377
548.1060482914345
533.3070062782508
426.6009261019095
362.93232577906304
482.9173593231527
434.8845406530822
43.2427281367747
283.38863634649573
313.0010315785276
216.93387427346806
399.737601286581
399.8537498974849
36.954562781637804
312.40562117278273
388.23587848671633
391.49532565145637
482.8904731753025
242.47931175982634
174.39253593712516
229.55654881631708
178.76943092440047
391.49532565145637
318.23727588804525
555.6288999238964
217.9800403180152
121.56581847940497
533.3070062782508
674.8622395650452
524.4532220667872
185.48558995207173
19.31067799060743
548.1060482914345
99.81597577719818
463.0114008957762
55.00370426853854
419.8429161063724
353.56725894267845
391.65799567381157
82.25674476398545
308.83045659410766
135.37755717682842
58.94191892698562
145.20324453008328
482.8904731753025
145.38090110316904
378.5816816491901
351.667700322599
231.13217090656704
412.03645338957676
41.733232376521954
380.05778286862994
408.1886805583903
89.02129921609601
728.5642272709608
139.6943256376315
189.4594506472587
204.1380970907985
45.49711650132136
169.94698898444835
524.4532220667872
357.1029245438508
227.80523951052066
840.7933930496399
692.2262689661103
218.6504539504396
419.15527804689145
509.8888792132902
404.0470341373153
190.56079258796564
430.8797503600831
237.4531772865837
413.8581112386419
238.15404116875362
353.56725894267845
387.33706404141657
548.1060482914345
433.00884646283146
538.5863011202803
88.36675604088565
360.8390473697739
555.6288999238964
280.32414659210764
294.3255902224319
620.2580155168146
195.01457493537845
52.3863079306728
507.26564389724786
220.2012928436056
346.3473067674971
478.1551468731531
192.80284454085347
394.88073569461994
303.5199264001259
494.9681465444892
430.8454412743577
325.4454794917117
69.43492854406732
604.546078920947
411.47151341335524
341.4314375510369
133.93546786297338
415.34554208281685
399.8537498974849
241.61220230264638
342.62865993279286
305.7287026933166
412.03645338957676
427.83018706926896
142.14211489728066
549.7316204980074
533.3070062782508
301.4925748088289
111.4576250753657
548.433578055027
478.1551468731531
454.7781631880443
324.2988570141141
160.34121254543032
46.81422093988151
319.2152068915281
173.34623003823106
412.03645338957676
480.27441653967406
465.28316169582484
197.27356429029606
164.268225606183
133.11238909840765
294.17495457209964
91.05754318096008
214.89753977047144
482.8904731753025
267.8438914567697
105.5348802134454
304.497869872622
594.3792718822026
501.0635968292457
50.18953846992058
283.3627072613274
103.78465108146801
580.5486091129562
555.6288999238964
600.8202812028072
318.6578622148951
489.60222544490637
105.8802114045172
510.09908820845357
417.5716593331775
280.20649773463816
411.6089790466006
318.6943907656919
558.0375296115658
805.1473480001565
72.58168383779913
331.27422537088864
237.49647084962285
548.1060482914345
278.76347522451823
173.21588998590778
358.99360430601376
259.8419214936518
