408.1886805583903
277.5008171811177
507.26564389724786
247.7130632999341
555.6288999238964
393.16713085887216
158.7663848784274
303.59294632415316
211.7556646585941
264.5242825702731
290.26963616597385
154.29364599670203
129.90418626074006
524.4532220667872
277.8363901127377
111.71694019083036
507.26564389724786
260.61245903159744
186.26712610242595
43.79571816254136
353.86245701766205
482.8904731753025
264.70771598907396
351.30456593326716
266.2479839907045
426.6009261019095
284.5293219108288
121.58862777176786
397.98631501207706
151.80872540628008
480.512689561744
361.48554432208334
334.2562305489581
480.512689561744
387.33706404141657
140.39776700234614
23.97982195901882
208.39175171974483
232.2282748332248
337.5374229590426
356.51908963872677
168.25675706565568
124.61226872452578
555.6288999238964
111.53530903894978
62.552305515446506
478.1551468731531
415.34554208281685
378.5816816491901
432.6773243114384
335.3403072547243
533.3070062782508
426.3824174433803
268.00841187482
136.4301788203718
533.3070062782508
397.98631501207706
465.28316169582484
64.32717451089239
480.512689561744
415.28977149125944
480.512689561744
122.66959154420609
189.8060854985318
269.0323618358872
193.3631774567162
249.95548041440787
363.94391465598824
232.12933049988112
533.3070062782508
507.26564389724786
533.3070062782508
47.495795475345986
362.2825355081218
180.37408900315052
410.76466281026575
548.1060482914345
376.2396731477783
228.73268004776344
325.0083944169934
35.2808573964511
65.15662421982529
225.30291817950655
507.26564389724786
412.03645338957676
135.10343744559964
533.3070062782508
429.1990429340539
524.4532220667872
207.41605966695974
494.7952509602964
482.8904731753025
507.26564389724786
478.1551468731531
186.79988288727372
271.2931923205521
240.51315648125978
453.8855490636146
482.8904731753025
308.40737368832623
333.7096693531412
548.1060482914345
555.6288999238964
478.1551468731531
415.28977149125944
350.62693926761847
548.1060482914345
182.14266915806246
179.29335780647153
343.9582535817915
478.1551468731531
507.26564389724786
393.16713085887216
210.37796858936252
507.26564389724786
241.34890720119938
533.3070062782508
343.23650955261934
259.83588536588695
57.4872939275198
42.35438136219288
470.43840272924064
541.1441193792587
26.767039822075276
223.35016784108717
399.737601286581
96.62050886445009
169.10098482228375
392.1922346440327
507.26564389724786
346.3473067674971
288.57552832690226
399.41111977251296
84.7050316181671
90.84532850118948
478.1551468731531
349.9050296166468
194.71123004192992
409.6834900976621
460.3105778112975
66.39941645338382
507.26564389724786
482.8904731753025
548.1060482914345
555.6288999238964
369.4508953912149
106.67667440998484
201.62496244644564
533.3070062782508
541.1441193792587
114.19677345446688
409.6834900976621
404.06815988877395
482.8904731753025
74.41026767386691
548.1060482914345
183.10187404331936
246.16632475327873
411.6089790466006
45.88372845903116
482.8904731753025
524.4532220667872
435.330647275414
242.4804207760333
290.45897700919295
555.6288999238964
235.3327004361251
120.15988571599664
322.78455722279824
533.3070062782508
137.4344956717193
122.14098718038451
207.93023546977804
337.5374229590426
382.6778815269786
384.5257215584814
533.3070062782508
478.1551468731531
306.018480423781
533.3070062782508
78.0575607654798
384.46794490250574
533.3070062782508
288.57552832690226
221.42461978587107
541.1441193792587
72.09251106246593
308.8320156097794
507.26564389724786
81.95542765657827
555.6288999238964
97.92707720727502
202.1004394783111
375.32492814541536
555.6288999238964
322.371327169943
461.76192891412177
408.1886805583903
183.5734885255037
263.0133863998884
165.43605573384372
555.6288999238964
68.62631869817945
468.63125171047153
411.6089790466006
387.33706404141657
330.67100808189724
555.6288999238964
249.36407907357267
116.00879538706737
301.7039679681526
410.50985940041437
466.6188281671224
62.62279048241298
83.26423603724517
90.5363580466991
555.6288999238964
221.84885734781
97.46907539320406
327.10472666884533
507.26564389724786
307.80754005422625
351.30456593326716
399.8537498974849
257.411209045981
272.94631299933076
256.2575150902213
408.1886805583903
426.3824174433803
109.21428545086629
190.3208861450105
478.1551468731531
524.4532220667872
321.98177658019347
171.9134336107673
480.512689561744
296.30765869884175
548.1060482914345
231.56328080486895
180.0080810035402
109.35231307960038
533.3070062782508
284.2791501385595
533.3070062782508
387.33706404141657
184.7672905825703
227.7140155987326
238.86506802519375
524.4532220667872
397.98631501207706
321.98177658019347
316.8586036380283
266.8842634726262
176.05016902012625
242.48789855449212
482.8904731753025
294.43240505565734
399.737601286581
524.4532220667872
409.6834900976621
71.37605670821311
524.4532220667872
548.1060482914345
397.98631501207706
101.7756849016093
167.95405521335834
177.08265528097147
533.3070062782508
168.686462032968
34.57634674226826
378.8780496230255
414.2023973032793
524.4532220667872
482.8904731753025
507.26564389724786
330.0110220598227
174.72611872117565
206.86603746921614
548.1060482914345
256.77771992604096
202.36926354311635
318.5512687350427
460.3105778112975
32.236081409529405
243.77668624800788
66.31041112957782
352.7239779768655
51.35658944985529
478.1551468731531
227.7140155987326
203.23267451838754
378.8780496230255
399.41111977251296
286.03275381987646
478.1551468731531
465.0697815815309
253.7172485998652
283.22300909680956
391.7423844608873
173.2252540492575
533.3070062782508
555.6288999238964
426.3374988446231
275.0180942051336
384.9739294054392
426.3824174433803
229.46975271853609
333.16071423516183
90.5543365277373
524.4532220667872
120.75457308281467
426.3824174433803
533.3070062782508
295.36890757027504
137.55108530538698
298.40057989235237
533.3070062782508
384.26698837193317
126.27454264215429
434.76275412097186
524.4532220667872
399.41111977251296
240.3303772073366
461.76192891412177
210.48459467403248
524.4532220667872
533.3070062782508
383.8342684097734
176.74758068941108
387.33706404141657
351.30456593326716
478.1551468731531
259.83588536588695
287.3655419036615
555.6288999238964
192.42993922316515
170.00443052911777
555.6288999238964
207.77901357971558
445.3117665705788
425.4830448251656
555.6288999238964
548.1060482914345
319.7932011550917
246.8732713400609
478.1551468731531
259.49490295216464
79.044769411275
22.792398225462975
294.1735772887838
89.08416895598667
263.32000513087723
482.8904731753025
330.0110220598227
147.57842243248976
257.1165768677493
400.7519676456588
262.26318883946703
388.6376588206338
161.221386855994
336.81138694125764
494.7952509602964
238.73931596832585
325.4454794917117
240.75369782367983
300.85123846833443
214.22007486253926
298.40057989235237
71.79772571398055
364.5444166197542
130.5375489013274
321.64773818232914
106.53407511721014
161.4520890578057
400.7519676456588
230.9846003896314
85.4041566957091
466.6188281671224
411.6089790466006
364.29824348725106
69.27943781036997
426.6009261019095
478.1551468731531
351.30456593326716
255.60887076562483
399.8537498974849
187.5277008484773
137.38418967981625
378.5816816491901
121.66392863012979
466.6188281671224
298.21581960797363
214.91805051194842
405.77349298811305
17.58917759103096
346.3473067674971
107.82310398423843
399.8537498974849
507.26564389724786
395.18791260926025
171.67004103412336
405.77349298811305
86.37225295040075
334.0043366642059
405.77349298811305
349.96882677491243
155.91792430718326
91.13451021507159
264.7382490193912
101.42966994171503
167.01324520506142
195.75751594789136
55.40874694374874
507.26564389724786
507.26564389724786
277.93586947094855
113.25740905755889
364.5444166197542
114.2067425164335
548.1060482914345
478.1551468731531
280.18773096904613
384.46794490250574
283.38863634649573
96.28284950286509
138.0652155956194
548.1060482914345
360.68300358615284
57.70774920899349
269.5107109333825
391.49532565145637
400.5089466358793
195.03252661516314
482.8904731753025
555.6288999238964
241.09058692109878
555.6288999238964
405.77349298811305
91.93818901623999
250.10871566301876
249.36407907357267
155.68516720086006
172.44938696692594
161.15535470616192
328.4959129980134
44.57564663830381
408.1886805583903
400.7519676456588
507.26564389724786
324.2988570141141
125.04046303563204
226.0857870827603
455.30235432202403
482.8904731753025
478.1551468731531
285.7417867422262
159.82823230257696
277.8021598810004
507.26564389724786
175.8061943134504
507.26564389724786
482.8904731753025
319.8978544775363
394.88073569461994
412.15660113233463
288.1777141294849
320.07653412174034
277.6030725873871
252.9385171677849
548.1060482914345
87.4690606644157
82.63704853190148
378.5816816491901
383.8342684097734
555.6288999238964
360.7818836889903
277.93586947094855
533.3070062782508
121.69390770345913
32.08197473036981
169.66222860663783
524.4532220667872
230.462504213802
295.0679517963844
170.30221294613835
460.3105778112975
369.8185479603304
411.6089790466006
426.6009261019095
151.12438724263046
281.2809556973896
174.00972255865705
232.41375351182182
329.5043392270781
364.5444166197542
361.48554432208334
283.38863634649573
98.91247785970718
533.3070062782508
380.71180300089964
411.6089790466006
426.3374988446231
182.21008587862138
259.83588536588695
280.4464582863095
167.94020635324358
313.0010315785276
106.84301408622999
314.6050508302052
59.96307049659697
248.10347329628377
319.7932011550917
533.3070062782508
145.58401931441017
143.51390401753224
170.21464361900746
384.2273169770636
160.3200430341987
548.1060482914345
325.8155462316813
95.75908765848489
63.5688337488061
249.0737136023504
555.6288999238964
69.586252739398
478.1551468731531
98.92911188865101
507.26564389724786
478.1551468731531
325.30877562120384
364.5444166197542
203.9612187633781
405.77349298811305
361.48554432208334
405.77349298811305
381.8069816440927
144.44577122918838
399.737601286581
465.0697815815309
168.06487929121258
246.97123695115022
167.37529335504775
256.94072222866663
229.643504988279
333.7096693531412
507.26564389724786
58.65880689832704
281.2809556973896
268.862291631473
548.1060482914345
304.725137973043
97.42348487454863
295.65017761815227
92.56326931119106
242.671394006738
426.3824174433803
90.87164550651491
478.1551468731531
361.74903527482826
194.53881981311707
232.7699045737037
226.70474730822048
548.1060482914345
478.1551468731531
264.9066024443007
459.04214892699406
434.00253106459087
360.68300358615284
394.88073569461994
478.1551468731531
236.27640803357679
408.1886805583903
190.66236935657275
216.63755665857764
346.3473067674971
160.9695404407766
280.96248399038456
43.48980712969366
138.01231845750175
548.1060482914345
134.4526121922289
548.1060482914345
51.0545953612007
426.6009261019095
507.26564389724786
125.717895666492
548.1060482914345
524.4532220667872
229.74641667812392
524.4532220667872
412.03645338957676
399.737601286581
555.6288999238964
478.1551468731531
153.18764848755217
85.0532547805418
309.2526091975113
221.92786725250673
50.966855606129585
415.34554208281685
158.29955280017043
189.20495044703526
555.6288999238964
252.32029045391408
382.7289960990517
524.4532220667872
478.1551468731531
179.16809875005072
132.1932489246801
478.1551468731531
507.26564389724786
134.4158231371947
466.47478437096146
252.5936274452548
321.2049566332132
236.03920963247555
351.30456593326716
230.64247109749033
206.86527081930421
165.79719053710207
307.08713900387266
226.14751367928585
295.0229796290911
555.6288999238964
182.99462099778555
524.4532220667872
224.8518122082561
186.9896528294019
426.3374988446231
363.9648529792324
206.07662853190322
130.5844019443694
426.3374988446231
507.26564389724786
426.3374988446231
333.7096693531412
83.81558136944179
211.79179065797626
426.6009261019095
463.0114008957762
507.26564389724786
20.791104850102926
482.8904731753025
548.1060482914345
478.1551468731531
102.32489750009502
287.33916798725625
91.14688359913309
172.83296615277487
399.41111977251296
147.36827729043466
408.1886805583903
283.15990669542924
313.267945871768
411.6089790466006
388.8627357146837
555.6288999238964
68.12970003744108
278.2572366307686
220.35489676070256
400.7519676456588
300.28828687452443
89.5587878786722
289.75204887518237
249.95548041440787
282.209654961312
264.19580403875307
362.2825355081218
460.3105778112975
299.67708519387804
68.41945955582901
369.4508953912149
478.1551468731531
533.3070062782508
53.838931827375276
399.8537498974849
482.8904731753025
265.6090616712803
116.82532486131615
316.36862015019045
316.36862015019045
247.7130632999341
260.8115451891427
298.8953599304079
482.8904731753025
378.8780496230255
114.61212778440783
115.31757638611371
170.23075319295293
88.15252840143624
398.63424577535
269.2368925638584
482.8904731753025
223.35016784108717
364.5444166197542
210.59067880328723
471.1007028030839
43.9784239879816
333.40698880020733
40.81604843846935
482.8904731753025
294.43240505565734
482.8904731753025
173.0822205024504
399.8537498974849
533.3070062782508
478.1551468731531
524.4532220667872
145.40351681805004
482.8904731753025
555.6288999238964
296.2230739427774
27.798157705178596
300.93699152639
533.3070062782508
507.26564389724786
555.6288999238964
72.12657599435501
197.04575335631017
411.6089790466006
398.2509346668474
381.28772979195276
209.4245645028571
140.88060542553052
415.28977149125944
394.88073569461994
140.39776700234614
533.3070062782508
391.49532565145637
144.32567329737935
357.61972642465525
524.4532220667872
524.4532220667872
470.43840272924064
555.6288999238964
399.737601286581
184.7672905825703
184.73816189067065
289.15890462834
288.67948699291736
145.67751531311688
432.8421778546524
548.1060482914345
524.4532220667872
310.19423508782444
461.76192891412177
94.0802200984693
390.8410733415671
364.5444166197542
96.08706546606616
216.86027944193486
390.8410733415671
408.1886805583903
461.76192891412177
318.6943907656919
398.2509346668474
311.9792890405982
247.49308463030206
174.11400686485288
555.6288999238964
170.16794763959774
199.8064387423633
541.1441193792587
482.8904731753025
238.1350657791665
399.41111977251296
426.3824174433803
54.273972846214676
494.7952509602964
524.4532220667872
482.8904731753025
78.07617348784574
295.0229796290911
233.46642628235136
199.87486252678167
89.02334650389547
524.4532220667872
391.49532565145637
330.761182728611
541.1441193792587
100.67411531915526
300.85123846833443
352.78179582586193
197.05041711632975
482.8904731753025
188.85603833316412
318.6578622148951
223.84135422291916
397.98631501207706
480.512689561744
102.25691748230712
482.8904731753025
77.14610058497232
75.19514849064917
524.4532220667872
184.66750781103042
388.6376588206338
482.8904731753025
252.26664670717923
378.8780496230255
87.32844696469591
524.4532220667872
426.3824174433803
533.3070062782508
482.8904731753025
167.9790750126785
127.94849341027017
260.3122643443054
176.89265494223133
168.77461334679936
236.42121446746575
482.8904731753025
214.6060651537793
507.26564389724786
77.1806370956353
268.69469180029006
101.64749483452249
41.107892716285136
524.4532220667872
533.3070062782508
306.7559313099107
92.50378206217664
533.3070062782508
465.28316169582484
100.87008584291885
548.1060482914345
533.3070062782508
85.1970929516383
135.25173164900588
426.3374988446231
154.32934959809631
172.06106657175854
74.08877566681441
52.51380422001422
131.4277936083809
321.0029582238169
268.6032763605863
228.5294679884077
227.96651407664945
329.3399664629017
214.94390102332846
115.31927144790284
478.1551468731531
39.263203356245356
463.0114008957762
461.76192891412177
466.6188281671224
548.1060482914345
288.27699945189863
40.70732754982748
250.83574962700345
507.26564389724786
204.4560183567278
55.66695827378804
307.1515627955476
555.6288999238964
246.27871886425663
227.80523951052066
135.7989773308227
400.7519676456588
328.1154201293612
233.46642628235136
400.8077946164168
524.4532220667872
79.16247917882355
184.8124489502374
524.4532220667872
235.51930139165452
399.41111977251296
102.4464519480142
533.3070062782508
461.76192891412177
555.6288999238964
149.55853707860865
533.3070062782508
369.4508953912149
428.2307516337123
128.61952883069569
482.8904731753025
325.3179596214494
337.5374229590426
65.1375677079328
378.62204681133466
478.1551468731531
95.23940851958766
251.82944385589695
524.4532220667872
402.2876601390561
94.02627602672011
145.86080917118946
297.18092917358496
54.37022018186629
524.4532220667872
400.7519676456588
482.8904731753025
57.386882595229764
482.8904731753025
164.268225606183
507.26564389724786
110.8478921755603
478.1551468731531
214.98159975639282
555.6288999238964
249.36407907357267
278.5082409736564
162.34175698742803
185.64286799979033
318.7795608351216
112.1019058114758
129.47974665383953
482.8904731753025
345.7260582771383
329.3399664629017
117.24449057120691
461.76192891412177
286.03275381987646
507.26564389724786
245.19274088718385
87.13809421432491
315.01731266994227
204.30620062515493
138.08744497624212
384.5257215584814
220.78710182223017
194.53481176403477
242.52279879759777
41.93853713609553
467.6832402278241
258.5366701248033
378.5816816491901
400.7519676456588
461.76192891412177
73.66218862962258
150.26795158490637
96.71587807899759
555.6288999238964
68.1515037951749
533.3070062782508
108.23260085702505
114.20132855797003
381.37027071967253
482.8904731753025
548.1060482914345
524.4532220667872
94.10322631947979
233.99706333998375
282.4187752943244
252.9385171677849
243.1236892141962
157.86070350683093
351.30456593326716
477.62764312787954
533.3070062782508
524.4532220667872
318.5512687350427
109.02946152511467
426.3374988446231
524.4532220667872
548.1060482914345
533.3070062782508
361.48554432208334
151.5467882145673
264.7382490193912
548.1060482914345
309.22754223544206
60.658675180236585
269.2368925638584
170.0525666906648
254.4815030157709
340.5075692407201
363.9648529792324
468.63125171047153
148.99366503459856
291.07280893474206
349.96882677491243
371.24039307941456
319.7932011550917
471.3793632500877
301.7039679681526
333.16071423516183
183.43907073373492
317.515165735418
277.5008171811177
30.20144089309707
533.3070062782508
340.61180517293207
342.62865993279286
533.3070062782508
305.3458991413858
297.58436667927964
524.4532220667872
466.47478437096146
468.63125171047153
399.737601286581
402.61297187931086
70.53387940899627
555.6288999238964
305.0693717043175
321.64773818232914
281.2671734296492
195.54686558861346
116.79660119941735
264.2481715709082
328.80582594969303
68.61384038435178
231.53479223378412
161.1520787768402
63.29000893799834
258.5366701248033
555.6288999238964
482.8904731753025
460.3105778112975
94.2786684185223
364.5444166197542
175.05494073193933
295.36890757027504
113.26713344922784
268.70901529627355
307.1515627955476
21.253279143545342
298.36812976489614
236.42054151338186
109.06312074287192
435.67954841145155
94.85711549063478
237.55385142751516
524.4532220667872
207.45881846509843
102.88976028883481
190.5319860143494
392.3420888266158
297.2409865807043
478.1551468731531
319.7932011550917
138.15727933633147
134.68102090293547
236.70514273598022
319.8978544775363
478.1551468731531
252.9385171677849
172.35594432517104
477.62764312787954
555.6288999238964
254.68812206785287
293.56129270747533
224.69341245999908
461.76192891412177
337.61162703823254
288.37638757594056
367.87733372815023
123.06434768861848
204.1380970907985
245.9682961647337
478.1551468731531
128.96801679151835
256.94072222866663
66.94466304479735
182.67916042478518
91.00580960852784
433.8771690494815
297.0091015960455
25.279524717634473
194.02429744424654
68.23367958266401
379.1105761656032
478.1551468731531
533.3070062782508
160.73203376432264
313.8247431384971
466.6188281671224
533.3070062782508
478.1551468731531
305.1803846571214
144.27710862429095
178.4894562713828
386.0672085941588
169.64584366426533
471.1007028030839
548.1060482914345
324.25332948864326
555.6288999238964
541.1441193792587
194.17859156720976
177.70743661807853
214.83505545083904
293.950022654812
465.0697815815309
261.138147056407
507.26564389724786
482.8904731753025
387.33706404141657
213.18602233222737
408.1886805583903
533.3070062782508
336.3916465347246
112.10560325403026
398.2509346668474
348.40698815542515
251.75914012668255
221.1908743470546
181.16053922645816
303.7083265590751
237.2609134030166
507.26564389724786
42.239311710881296
555.6288999238964
252.0094337020052
157.28066598073485
202.70862553240627
201.06566501710597
116.78920319604872
288.57552832690226
541.1441193792587
426.6009261019095
150.30198090016745
36.4308489467992
482.8904731753025
272.2182679958751
351.30456593326716
319.7932011550917
533.3070062782508
102.78937993230157
411.6089790466006
127.40882428586433
351.30456593326716
247.7130632999341
524.4532220667872
482.8904731753025
86.13166331498637
209.96468020976073
207.45691475978225
387.33706404141657
246.43907857702806
257.3303795142856
342.1380675048571
482.8904731753025
466.47478437096146
411.6089790466006
478.1551468731531
219.506902407545
272.6770319649402
20.032940566395368
336.58814716438803
507.26564389724786
361.48554432208334
524.4532220667872
323.30621466551884
382.4822453044169
384.3878432036075
533.3070062782508
533.3070062782508
433.06337353467546
110.52359757609894
138.34821988685803
160.3222926862663
555.6288999238964
378.5816816491901
524.4532220667872
18.491909234965533
187.10472265636037
507.26564389724786
414.2023973032793
49.41436781545866
548.1060482914345
146.39113061041826
387.33706404141657
548.1060482914345
369.4508953912149
253.9240836185674
507.26564389724786
548.1060482914345
171.4535312574862
507.26564389724786
109.06312074287192
478.1551468731531
298.8953599304079
468.63125171047153
482.8904731753025
555.6288999238964
47.967251052748836
346.3473067674971
366.8957223144664
369.8185479603304
185.7685024293582
385.2399572470929
192.71346683444523
378.11282169540993
123.99442587811241
321.67098040263005
338.76081011963373
471.1007028030839
387.33706404141657
428.2307516337123
69.46043447862658
408.1886805583903
411.1741909250752
10.447558253731614
277.5008171811177
524.4532220667872
507.26564389724786
426.6009261019095
93.79023269274755
348.387440197205
216.538887870643
507.26564389724786
426.3374988446231
220.71156905440535
103.10937622252152
524.4532220667872
93.55098178350258
397.98631501207706
415.34554208281685
478.1551468731531
244.12969842574307
507.26564389724786
180.4356257429895
277.93586947094855
166.3573150324936
308.6145331189521
7.977588805195239
533.3070062782508
58.8570934706772
74.75851140354736
478.1551468731531
343.1670115611726
201.3524643764565
419.02687797035895
507.26564389724786
507.26564389724786
379.2421972222233
344.43943700251793
339.16123149348914
180.0355572528514
461.76192891412177
428.2307516337123
470.43840272924064
104.69084134475395
548.1060482914345
507.26564389724786
353.56725894267845
262.6321311881747
212.9259350371142
230.95522405441932
533.3070062782508
399.41111977251296
411.6089790466006
507.26564389724786
105.0651544061535
204.22870285791547
143.87417544982918
57.57994378052554
151.5794012855871
192.25380205197916
468.63125171047153
185.65376330120725
404.06815988877395
308.6145331189521
399.737601286581
181.6175279306346
150.43924407978005
116.80962709838364
27.56132713113155
110.57324949176673
99.74398154580618
249.36407907357267
548.1060482914345
555.6288999238964
427.2505395461367
283.38863634649573
387.33706404141657
460.3105778112975
399.737601286581
384.5257215584814
191.6494741005771
408.1886805583903
164.21492706148246
548.1060482914345
282.53781172397686
147.03061666936864
555.6288999238964
71.13128041904166
555.6288999238964
478.1551468731531
137.2757588278228
309.22754223544206
252.40432720586801
555.6288999238964
482.8904731753025
337.87232855343706
307.019780197034
188.99782044972437
281.27545412351856
412.03645338957676
129.28271494740488
478.1551468731531
244.0441364888801
399.8537498974849
393.16713085887216
198.47964465316295
309.9402172191259
555.6288999238964
470.43840272924064
415.28977149125944
426.3374988446231
98.04147137712731
399.737601286581
360.68300358615284
309.9402172191259
364.79852495380317
117.33129336109455
396.56478689262167
107.13015318799027
229.0335578296776
224.23398192211084
275.2391448221017
249.5590634596482
478.1551468731531
548.1060482914345
231.75209985382241
393.16713085887216
253.7172485998652
555.6288999238964
397.98631501207706
478.1551468731531
97.03565162549218
387.33706404141657
228.9023941535213
478.1551468731531
267.4208528585787
399.41111977251296
405.77349298811305
249.95548041440787
477.62764312787954
434.3890571518548
29.533002797546203
461.76192891412177
238.2749091573897
379.2421972222233
415.34554208281685
480.512689561744
507.26564389724786
286.03275381987646
482.8904731753025
319.7932011550917
318.6578622148951
555.6288999238964
555.6288999238964
465.28316169582484
426.3374988446231
164.19985281062264
123.64214073468118
122.06381017205855
151.80872540628008
248.76908604535384
507.26564389724786
104.476841246879
507.26564389724786
269.4078677571297
397.98631501207706
555.6288999238964
202.83448012440738
309.71898396847484
299.85197507885573
482.8904731753025
381.85424611957086
150.20648936760136
159.94506477395254
426.6009261019095
524.4532220667872
555.6288999238964
164.7288561605416
524.4532220667872
88.45816232241265
316.40612853743266
415.34554208281685
159.94928497775845
482.8904731753025
78.28116012869047
148.94480297627237
463.0114008957762
391.49532565145637
8.46969519868
178.05328632711917
134.53189640005257
312.40562117278273
214.98159975639282
64.17019187631448
478.1551468731531
352.78179582586193
471.1007028030839
260.27284888673273
207.18128879175927
352.78179582586193
166.80374328152425
151.12438724263046
300.9041475917811
241.09058692109878
428.2307516337123
507.26564389724786
507.26564389724786
256.83351668305716
391.49532565145637
295.53298582927243
399.737601286581
415.34554208281685
121.44707023211231
315.86549024530274
390.16138459815176
188.06620359895268
92.23864834903658
533.3070062782508
65.73402474018549
41.02600458673588
12.712282807321344
92.57600187016804
144.57298724700354
381.16385415389055
205.70170789284725
299.1304156470371
533.3070062782508
49.733502962527396
257.5858977096981
353.86245701766205
463.0114008957762
338.23597202249533
470.43840272924064
203.57023600839847
212.71531748930522
470.43840272924064
275.70980864227306
343.5602205007613
478.1551468731531
110.30162392677416
524.4532220667872
478.1551468731531
480.512689561744
268.69469180029006
235.0626996177491
524.4532220667872
555.6288999238964
64.29751623273458
46.81419521736295
194.53481176403477
533.3070062782508
286.14013351079745
185.29194110903603
70.40407810013403
259.0229995666278
217.5839864769241
249.0737136023504
319.8978544775363
292.73479574201235
59.18916651855109
524.4532220667872
263.0329264007799
86.1666230705074
348.55210218785317
174.41498228068528
66.64035231769779
350.48290562226936
224.23398192211084
548.1060482914345
352.78179582586193
524.4532220667872
548.1060482914345
524.4532220667872
221.7436481494537
453.8855490636146
213.61152654867988
482.8904731753025
346.3473067674971
384.9739294054392
316.8586036380283
186.79141136956406
391.49532565145637
409.6834900976621
548.1060482914345
325.0083944169934
213.73415625266074
378.11282169540993
254.04463025980954
283.78275164570783
461.76192891412177
225.7037373096976
524.4532220667872
160.39046313113107
399.737601286581
466.6188281671224
411.6089790466006
313.8247431384971
70.1813604342872
555.6288999238964
204.57117877088456
327.5984624558251
318.7795608351216
507.26564389724786
161.97287580257523
286.13086316778987
402.573126884
548.1060482914345
343.58684772732846
92.67198157273246
507.26564389724786
106.59292883950978
92.66953386234628
236.00816063999628
524.4532220667872
138.95945386870358
147.87955295771098
215.3491706117714
108.25442956513993
78.41545827089207
468.63125171047153
37.01372718869223
243.36979924047515
482.8904731753025
555.6288999238964
414.2023973032793
412.03645338957676
229.0335578296776
337.90836169737486
399.737601286581
40.88597591623244
298.8953599304079
267.08088480078743
137.4344956717193
175.91768335165216
466.6188281671224
237.14661749814124
175.06355552596438
153.10688084321362
126.6104602158807
128.4338729496181
210.59067880328723
275.9005187919959
51.64603166706611
235.19414670660598
383.8342684097734
344.81466422281073
282.091230887346
112.98271879467875
227.5729326238831
244.95040606814948
69.43987310018821
478.1551468731531
113.7309334701806
405.77349298811305
533.3070062782508
507.26564389724786
377.93020556909676
278.4330535544502
411.6089790466006
328.4959129980134
387.33706404141657
179.21767690556453
524.4532220667872
67.24321474125237
555.6288999238964
331.40797225199583
105.13508591725359
524.4532220667872
470.43840272924064
51.99757046601265
164.63537098116205
507.26564389724786
533.3070062782508
136.34474164651948
409.6834900976621
463.0114008957762
155.91792430718326
295.0679517963844
415.28977149125944
355.8479427840702
67.74412788316543
548.1060482914345
478.1551468731531
461.76192891412177
328.30103227321507
288.9481241151057
466.6188281671224
319.7932011550917
259.0229995666278
303.7083265590751
408.1886805583903
211.55417080775726
310.5587633855546
29.869472032896482
494.7952509602964
216.93147109683392
158.84602943676123
60.65982320407751
319.7932011550917
351.30456593326716
157.7761690421599
321.98177658019347
548.1060482914345
278.7461140868619
415.28977149125944
426.3374988446231
170.0525666906648
147.02470496739636
533.3070062782508
160.0622221320333
158.17948745829833
533.3070062782508
342.8310069411127
95.26302496004655
33.4541410157057
67.28175367619855
63.29815836315875
507.26564389724786
555.6288999238964
130.5114930141551
325.6477729475935
192.42993922316515
187.0511410257413
524.4532220667872
335.9790359944142
494.7952509602964
409.6834900976621
173.06993088068327
124.6990523403896
167.22687444443577
275.0686396618051
478.1551468731531
477.62764312787954
220.82451881464848
196.74532345351173
238.09563210527966
373.4996902087831
146.8036963850053
411.1741909250752
319.16066417773595
411.6089790466006
555.6288999238964
321.64773818232914
156.64372999440803
548.1060482914345
425.4830448251656
471.1007028030839
524.4532220667872
466.6188281671224
158.52981693999584
555.6288999238964
466.6188281671224
268.0943235885887
85.16190274455087
426.3824174433803
103.26626192973747
426.6009261019095
220.92561456698357
330.60003624150903
119.35126993221338
320.07653412174034
352.78179582586193
156.6178212225211
352.78179582586193
393.16713085887216
548.1060482914345
310.19423508782444
99.8232908849457
237.79717818473716
173.23976188570313
147.89717589615373
555.6288999238964
366.6088735999343
146.9923560014078
533.3070062782508
252.26664670717923
507.26564389724786
165.94054247463566
555.6288999238964
276.5121259294616
361.48554432208334
131.28084916446977
326.7238722938317
81.86095218800908
208.1562759360885
555.6288999238964
387.33706404141657
32.55210092868967
429.74246002877663
256.77771992604096
358.53678302359845
259.83588536588695
344.0602424430264
381.08946421461906
533.3070062782508
205.75594304189045
321.98177658019347
411.0122716415047
466.6188281671224
41.42109452002195
89.6481251807867
247.49308463030206
241.4486945666498
348.387440197205
207.96365465530414
391.49532565145637
277.93586947094855
399.41111977251296
261.7603078387212
482.8904731753025
210.15224914350875
310.5587633855546
317.7460814500841
275.9613910251733
140.07465564897092
320.07653412174034
113.09769548113685
260.85956349248397
272.9344430512613
168.4710515106314
106.5330834490734
315.54331367348266
482.8904731753025
410.97530122625534
482.8904731753025
56.49551679183301
533.3070062782508
300.85123846833443
482.8904731753025
478.1551468731531
507.26564389724786
218.9964003575201
313.0010315785276
478.1551468731531
174.11400686485288
195.24703657116322
160.32209877326574
507.26564389724786
260.27284888673273
555.6288999238964
555.6288999238964
279.4205537457915
171.52847246297728
257.3303795142856
117.57582852861962
478.1551468731531
99.42530384257985
58.63677945873127
364.5444166197542
555.6288999238964
478.1551468731531
378.5816816491901
81.28257047454443
307.80754005422625
61.02007179406003
236.36279503177227
137.30016575067538
548.1060482914345
320.4708676315147
411.6089790466006
411.1741909250752
364.5444166197542
123.34662848399485
351.30456593326716
331.40797225199583
162.52395606146246
230.57852471489645
229.31420198938537
391.4162207466292
81.99127747918345
468.63125171047153
394.88073569461994
453.8855490636146
297.5887078783833
273.0841681674457
471.1007028030839
411.6089790466006
533.3070062782508
364.5444166197542
141.72329368102794
555.6288999238964
294.28971063293784
288.37638757594056
425.84150842837624
471.3793632500877
253.13383053120685
360.74265798527284
533.3070062782508
197.01381651284038
555.6288999238964
56.17653148259757
194.9965437240598
160.60591321908157
117.03456501586804
3.8861217116883466
480.512689561744
164.268225606183
53.375432318554644
269.4078677571297
309.22754223544206
227.88406551465863
398.525854864508
166.56155692575354
478.1551468731531
548.1060482914345
154.32430510337895
99.74398154580618
210.17627741031333
533.3070062782508
507.26564389724786
548.1060482914345
507.26564389724786
524.4532220667872
34.93164718332886
378.8780496230255
82.74072474847033
163.99271568969078
478.1551468731531
548.1060482914345
541.1441193792587
426.6009261019095
106.9385145334422
254.32001642559598
284.2791501385595
99.18951972296678
214.64730273852075
117.23207598394934
470.43840272924064
198.15394590450944
121.98997071703279
478.1551468731531
387.33706404141657
369.4508953912149
259.30073292879547
399.737601286581
422.6757164241493
46.236432255644175
119.0509508977622
252.28833842291908
238.73931596832585
468.63125171047153
208.1562759360885
129.66171075124362
306.35847066336885
62.40098984399428
231.92614691231546
308.6145331189521
317.0333418429069
548.1060482914345
350.62693926761847
185.73244964678423
228.22121795603027
78.99345618654313
405.77349298811305
555.6288999238964
378.5816816491901
55.064288054195444
306.4681966374913
73.48333586973064
363.50024717541055
224.97441679479596
144.60701109551906
107.75640661109584
410.57397707789204
137.8199284253243
405.77349298811305
182.34978390091283
286.1420820907381
292.73479574201235
308.2031916400601
300.6054958149188
482.8904731753025
533.3070062782508
75.49961798712125
36.900623938036205
338.82666866169694
411.6089790466006
74.52843837871497
355.8479427840702
466.6188281671224
276.98127768729677
259.7130998336464
405.77349298811305
105.28905070144741
31.70098765702363
279.9118983449666
555.6288999238964
324.2988570141141
352.78179582586193
507.26564389724786
134.59183759497535
233.59080770864
482.8904731753025
463.0114008957762
303.8184569942539
400.5089466358793
13.161232465464707
63.29000893799834
482.8904731753025
217.7622862786823
555.6288999238964
482.8904731753025
227.51327600895456
120.30855691260737
192.5178014259568
533.3070062782508
424.02077458777745
146.05783969314405
277.93586947094855
133.95728104999444
471.1007028030839
399.8537498974849
143.02286140031867
376.64290695470396
176.00978677504366
118.27256897286613
478.1551468731531
173.23976188570313
480.512689561744
199.20568209512606
507.26564389724786
399.41111977251296
478.1551468731531
533.3070062782508
171.50400479804614
262.19459075745186
238.73931596832585
533.3070062782508
207.77901357971558
252.40432720586801
548.1060482914345
351.30456593326716
524.4532220667872
279.30318338821394
555.6288999238964
478.1551468731531
267.08088480078743
507.26564389724786
362.93232577906304
548.1060482914345
533.3070062782508
216.49859598510983
121.35570523966292
190.6494106913791
223.37824735716117
237.79717818473716
327.4787122541977
268.0404090172171
23.88418588216271
181.27588137877183
399.8537498974849
113.28570242613263
478.1551468731531
86.86984799687109
533.3070062782508
478.1551468731531
170.96734196796115
471.1007028030839
240.8660341858719
507.26564389724786
266.08429176077254
256.5465772125492
341.95594562101155
507.26564389724786
364.5444166197542
378.11282169540993
351.30456593326716
78.50485442340056
109.91486599417851
350.3692529482745
482.8904731753025
369.4508953912149
91.02054186679644
397.98631501207706
82.15126989721408
507.26564389724786
203.30688273544757
102.08852642090481
54.52249047760655
548.1060482914345
250.83574962700345
405.77349298811305
138.15727933633147
247.7130632999341
482.8904731753025
430.5613271375853
282.091230887346
524.4532220667872
415.34554208281685
282.633015488143
283.6684232776505
391.1126033313122
48.49839091693937
548.1060482914345
316.8586036380283
315.01731266994227
409.6834900976621
196.94520301621463
548.1060482914345
116.9462853852329
140.4910019539379
312.6329346806019
92.57040604291
389.89892486123165
548.1060482914345
424.77152412712775
533.3070062782508
