212.68298165463892
313.0010315785276
478.1551468731531
84.81142431611065
349.96882677491243
346.3473067674971
141.13287490520133
533.3070062782508
299.43220117168886
313.5413754236378
295.36890757027504
263.0329264007799
424.46765929797175
533.3070062782508
269.5107109333825
195.65172715750253
17.455939517267012
325.3364871373641
282.44804521302916
507.26564389724786
283.38863634649573
275.0180942051336
230.8159733537543
182.9238418957693
125.90422646501266
277.27013745371397
233.99706333998375
52.40143437228173
466.47478437096146
387.33706404141657
403.4295194654384
478.1551468731531
54.88282136935935
524.4532220667872
426.3824174433803
471.1007028030839
426.6009261019095
133.091086754802
524.4532220667872
548.1060482914345
318.6578622148951
107.26428305102372
548.1060482914345
478.1551468731531
11.965504683965591
392.3420888266158
51.615717908663726
507.26564389724786
408.3012944133001
84.10274315152228
378.5030411933305
186.09023477971147
208.9217842076557
344.43943700251793
283.22474131119367
291.07280893474206
236.36279503177227
72.92221352414053
166.7086509770162
157.2208891437806
184.80826820279793
482.8904731753025
253.81748376259713
470.43840272924064
524.4532220667872
426.6009261019095
95.01306160670909
181.93441185487353
30.481377991237096
411.6089790466006
201.4812727766601
313.8247431384971
352.1325732051688
253.13383053120685
357.1340711816609
334.0043366642059
199.54683757765986
129.0486122866125
524.4532220667872
43.53934561109476
404.06815988877395
478.1551468731531
212.60615575144908
548.1060482914345
364.5444166197542
205.59219214817716
385.98186376025006
196.7687251301532
428.2307516337123
478.1551468731531
393.16713085887216
317.1971372203881
202.83448012440738
326.9937760974525
533.3070062782508
304.4190020896456
320.07653412174034
378.5816816491901
89.61031744004899
507.26564389724786
